
------start:------
A*
 explored_nodes: 108, 79, 48, 54, 73, 52, 54, 44, 129, 70, 49, 57, 48, 44, 68, 78, 62, 67, 33, 79, 90, 51, 39, 71, 101, 81, 50, 111, 52, 46, 37, 39, 54, 49, 59, 89, 39, 115, 86, 76, 60, 50, 56, 43, 61, 46, 125, 48, 93, 72, 59, 52, 77, 49, 68, 86, 123, 116, 83, 76, 47, 58, 75, 89, 106, 48, 61, 93, 64, 66, 45, 75, 45, 107, 49, 37, 58, 79, 115, 61, 55, 72, 53, 62, 47, 92, 79, 68, 60, 42, 89, 47, 81, 47, 66, 94, 34, 142, 52, 63, 
 suboptimal_solution: 0, 0, 0, 0, 0, 0, 0, 0, 0, 0, 0, 0, 0, 0, 0, 0, 0, 0, 0, 0, 0, 0, 0, 0, 0, 0, 0, 0, 0, 0, 0, 0, 0, 0, 0, 0, 0, 0, 0, 0, 0, 0, 0, 0, 0, 0, 0, 0, 0, 0, 0, 0, 0, 0, 0, 0, 0, 0, 0, 0, 0, 0, 0, 0, 0, 0, 0, 0, 0, 0, 0, 0, 0, 0, 0, 0, 0, 0, 0, 0, 0, 0, 0, 0, 0, 0, 0, 0, 0, 0, 0, 0, 0, 0, 0, 0, 0, 0, 0, 0, 
IDA*
 explored_nodes: 1665, 585, 145, 754, 317, 1125, 164, 954, 1187, 352, 143, 1506, 624, 278, 654, 421, 788, 260, 162, 214, 1081, 608, 826, 597, 1053, 320, 801, 931, 2108, 1493, 134, 527, 2041, 192, 326, 582, 950, 162, 495, 294, 994, 68, 415, 790, 499, 360, 1290, 1464, 342, 2735, 349, 1545, 1047, 2787, 484, 1229, 1297, 198, 141, 2501, 1021, 92, 123, 2786, 141, 633, 240, 151, 147, 302, 640, 791, 221, 276, 233, 752, 552, 687, 720, 4898, 566, 688, 757, 462, 341, 389, 228, 701, 1061, 452, 666, 361, 1110, 257, 1431, 1244, 739, 2330, 400, 757, 
 suboptimal_solution: 0, 0, 0, 0, 0, 0, 0, 0, 0, 0, 0, 0, 0, 0, 0, 0, 0, 0, 0, 0, 0, 0, 0, 0, 0, 0, 0, 0, 0, 0, 0, 0, 0, 0, 0, 0, 0, 0, 0, 0, 0, 0, 0, 0, 0, 0, 0, 0, 0, 0, 0, 0, 0, 0, 0, 0, 0, 0, 0, 0, 0, 0, 0, 0, 0, 0, 0, 0, 0, 0, 0, 0, 0, 0, 0, 0, 0, 0, 0, 0, 0, 0, 0, 0, 0, 0, 0, 0, 0, 0, 0, 0, 0, 0, 0, 0, 0, 0, 0, 0, 

A* nodes average: 67.97
A* suboptimal average: 0.0
IDA* nodes average: 787.0
IDA* suboptimal average: 0.0


------middle:------
A*
 explored_nodes: 58, 92, 42, 44, 61, 58, 48, 47, 108, 44, 41, 40, 40, 38, 59, 67, 48, 60, 56, 29, 69, 39, 48, 54, 85, 93, 42, 80, 48, 59, 35, 41, 58, 48, 45, 78, 47, 93, 80, 71, 58, 41, 48, 31, 56, 46, 74, 37, 85, 76, 64, 30, 49, 53, 57, 59, 90, 57, 84, 53, 49, 57, 72, 76, 87, 74, 45, 61, 59, 35, 41, 70, 34, 86, 47, 49, 52, 69, 90, 36, 43, 43, 56, 57, 62, 62, 79, 53, 52, 35, 70, 38, 86, 42, 42, 59, 52, 101, 47, 44, 
 suboptimal_solution: 0, 0, 0, 0, 0, 0, 0, 0, 0, 0, 0, 0, 0, 0, 0, 0, 0, 0, 0, 0, 0, 0, 0, 0, 0, 0, 0, 0, 0, 0, 0, 0, 0, 0, 0, 0, 0, 0, 0, 0, 0, 0, 0, 0, 0, 0, 0, 0, 0, 0, 0, 0, 0, 0, 0, 0, 0, 0, 0, 0, 0, 0, 0, 0, 0, 0, 0, 0, 0, 0, 0, 0, 0, 0, 0, 0, 0, 0, 0, 0, 0, 0, 0, 0, 0, 0, 0, 0, 0, 0, 0, 0, 0, 0, 0, 0, 0, 0, 0, 0, 
IDA*
 explored_nodes: 979, 1304, 128, 227, 1671, 839, 99, 2403, 533, 499, 1370, 451, 902, 634, 341, 524, 428, 1309, 71, 179, 164, 340, 909, 142, 169, 461, 253, 755, 233, 10570, 223, 410, 248, 101, 620, 417, 264, 1116, 390, 204, 411, 75, 3510, 430, 558, 261, 70, 103, 3064, 1606, 148, 2536, 211, 626, 157, 60, 1139, 156, 2926, 255, 333, 419, 1873, 861, 67, 1425, 524, 254, 142, 169, 3348, 353, 62, 471, 3044, 482, 1414, 226, 234, 312, 653, 116, 691, 208, 2850, 128, 2131, 575, 456, 1540, 359, 439, 1404, 1163, 2133, 2245, 448, 302, 484, 119, 
 suboptimal_solution: 0, 0, 0, 0, 0, 0, 0, 0, 0, 0, 0, 0, 0, 0, 0, 0, 0, 0, 0, 0, 0, 0, 0, 0, 0, 0, 0, 0, 0, 0, 0, 0, 0, 0, 0, 0, 0, 0, 0, 0, 0, 0, 0, 0, 0, 0, 0, 0, 0, 0, 0, 0, 0, 0, 0, 0, 0, 0, 0, 0, 0, 0, 0, 0, 0, 0, 0, 0, 0, 0, 0, 0, 0, 0, 0, 0, 0, 0, 0, 0, 0, 0, 0, 0, 0, 0, 0, 0, 0, 0, 0, 0, 0, 0, 0, 0, 0, 0, 0, 0, 

A* nodes average: 57.53
A* suboptimal average: 0.0
IDA* nodes average: 856.39
IDA* suboptimal average: 0.0


------end:------
A*
 explored_nodes: 46, 59, 29, 30, 43, 25, 26, 28, 83, 24, 29, 24, 31, 22, 47, 49, 26, 27, 26, 26, 50, 26, 28, 44, 45, 48, 27, 45, 25, 32, 26, 28, 32, 45, 34, 51, 30, 80, 44, 37, 41, 27, 27, 27, 27, 25, 46, 29, 49, 46, 49, 26, 34, 27, 42, 66, 72, 43, 48, 47, 28, 55, 55, 46, 65, 25, 22, 56, 57, 24, 31, 48, 25, 54, 27, 26, 28, 60, 56, 27, 24, 28, 27, 49, 22, 50, 47, 28, 27, 29, 50, 24, 55, 21, 25, 46, 25, 75, 33, 49, 
 suboptimal_solution: 0, 0, 0, 0, 0, 0, 0, 0, 0, 0, 0, 0, 0, 0, 0, 0, 0, 0, 0, 0, 0, 0, 0, 0, 0, 0, 0, 0, 0, 0, 0, 0, 0, 0, 0, 0, 0, 0, 0, 0, 0, 0, 0, 0, 0, 0, 0, 0, 0, 0, 0, 0, 0, 0, 0, 0, 0, 0, 0, 0, 0, 0, 0, 0, 0, 0, 0, 0, 0, 0, 0, 0, 0, 0, 0, 0, 0, 0, 0, 0, 0, 0, 0, 0, 0, 0, 0, 0, 0, 0, 0, 0, 0, 0, 0, 0, 0, 0, 0, 0, 
IDA*
 explored_nodes: 63, 76, 154, 83, 127, 74, 37, 54, 81, 67, 122, 89, 51, 72, 62, 49, 54, 65, 72, 52, 49, 58, 48, 51, 60, 80, 105, 63, 47, 75, 63, 58, 43, 79, 134, 80, 69, 143, 80, 50, 82, 131, 93, 62, 72, 82, 59, 57, 85, 61, 146, 67, 59, 64, 44, 116, 70, 73, 78, 70, 179, 108, 100, 54, 47, 81, 63, 74, 121, 71, 137, 56, 73, 60, 42, 55, 108, 107, 89, 86, 48, 54, 122, 57, 50, 53, 46, 137, 101, 78, 77, 46, 68, 63, 120, 44, 76, 165, 94, 314, 
 suboptimal_solution: 0, 0, 0, 0, 0, 0, 0, 0, 0, 0, 0, 0, 0, 0, 0, 0, 0, 0, 0, 0, 0, 0, 0, 0, 0, 0, 0, 0, 0, 0, 0, 0, 0, 0, 0, 0, 0, 0, 0, 0, 0, 0, 0, 0, 0, 0, 0, 0, 0, 0, 0, 0, 0, 0, 0, 0, 0, 0, 0, 0, 0, 0, 0, 0, 0, 0, 0, 0, 0, 0, 0, 0, 0, 0, 0, 0, 0, 0, 0, 0, 0, 0, 0, 0, 0, 0, 0, 0, 0, 0, 0, 0, 0, 0, 0, 0, 0, 0, 0, 0, 

A* nodes average: 38.24
A* suboptimal average: 0.0
IDA* nodes average: 80.34
IDA* suboptimal average: 0.0

