
------start:------
A*
 explored_nodes: 32, 25, 22, 31, 32, 19, 25, 21, 23, 23, 19, 24, 21, 18, 35, 25, 26, 19, 29, 18, 26, 43, 27, 22, 18, 18, 19, 30, 22, 23, 19, 25, 16, 63, 21, 24, 24, 20, 26, 47, 23, 18, 33, 17, 22, 32, 29, 28, 21, 48, 41, 27, 33, 18, 32, 19, 52, 21, 17, 19, 29, 17, 25, 18, 33, 19, 25, 27, 28, 33, 30, 27, 16, 18, 19, 20, 20, 20, 37, 19, 23, 19, 28, 18, 18, 21, 25, 61, 18, 24, 49, 24, 21, 36, 28, 28, 29, 22, 16, 19, 
 suboptimal_solution: 2, 2, 0, 0, 0, 0, 0, 0, 0, 4, 0, 0, 2, 0, 0, 0, 0, 0, 0, 0, 0, 0, 2, 0, 0, 0, 0, 0, 0, 0, 0, 2, 0, 4, 0, 0, 0, 0, 2, 6, 0, 0, 0, 0, 0, 0, 2, 0, 0, 2, 4, 4, 0, 0, 0, 0, 0, 0, 0, 0, 2, 0, 0, 0, 0, 0, 0, 4, 0, 0, 4, 0, 0, 0, 0, 0, 0, 0, 0, 0, 0, 0, 0, 0, 0, 2, 0, 0, 0, 2, 0, 0, 0, 2, 0, 0, 0, 0, 0, 0, 
IDA*
 explored_nodes: 870, 791, 471, 1859, 2845, 268, 418, 132, 215, 138, 133, 458, 216, 68, 1852, 227, 139, 93, 290, 155, 621, 2667, 278, 100, 93, 193, 85, 3572, 263, 210, 101, 3542, 49, 1724, 402, 231, 1406, 371, 854, 544, 183, 176, 4633, 92, 2429, 1061, 401, 220, 70, 1865, 2766, 340, 913, 49, 499, 96, 3999, 1981, 62, 87, 1977, 232, 311, 67, 785, 93, 2283, 254, 231, 4196, 832, 653, 77, 72, 323, 189, 110, 111, 501, 124, 80, 100, 1373, 194, 57, 73, 286, 267516, 218, 374, 5924, 1738, 273, 1038, 527, 590, 767, 669, 61, 116, 
 suboptimal_solution: 8, 6, 8, 8, 10, 6, 6, 6, 4, 8, 4, 6, 6, 6, 8, 6, 6, 4, 6, 6, 8, 10, 8, 6, 4, 6, 6, 10, 6, 6, 6, 10, 4, 12, 4, 8, 8, 4, 8, 8, 6, 6, 10, 4, 8, 10, 8, 10, 8, 8, 8, 8, 8, 4, 8, 4, 12, 10, 6, 4, 8, 4, 8, 6, 10, 4, 8, 8, 10, 12, 10, 10, 4, 2, 4, 6, 8, 6, 6, 8, 4, 4, 8, 4, 4, 6, 8, 16, 6, 10, 10, 10, 8, 6, 8, 8, 8, 6, 2, 4, 

A* nodes average: 25.77
A* suboptimal average: 0.54
IDA* nodes average: 3462.61
IDA* suboptimal average: 7.02


------middle:------
A*
 explored_nodes: 21, 26, 17, 26, 18, 20, 20, 32, 16, 30, 21, 42, 17, 24, 26, 25, 19, 16, 18, 20, 21, 26, 24, 21, 16, 26, 18, 23, 20, 17, 18, 16, 22, 25, 29, 20, 22, 23, 33, 17, 30, 20, 25, 28, 22, 18, 21, 37, 43, 21, 26, 17, 19, 17, 16, 24, 26, 19, 18, 18, 21, 26, 23, 17, 22, 18, 16, 28, 24, 16, 18, 18, 19, 19, 19, 16, 18, 22, 26, 23, 18, 24, 21, 16, 22, 18, 17, 30, 23, 18, 20, 21, 19, 23, 22, 17, 19, 17, 28, 24, 
 suboptimal_solution: 0, 0, 0, 0, 0, 0, 0, 0, 0, 0, 0, 6, 0, 0, 0, 0, 0, 0, 0, 0, 0, 0, 0, 0, 0, 0, 0, 0, 0, 0, 0, 0, 0, 0, 0, 0, 0, 0, 4, 0, 0, 0, 0, 4, 0, 0, 2, 0, 0, 2, 2, 0, 0, 0, 0, 4, 2, 0, 0, 0, 0, 2, 0, 0, 0, 0, 0, 0, 0, 0, 0, 0, 0, 0, 0, 0, 0, 2, 2, 0, 0, 0, 0, 0, 0, 0, 0, 0, 0, 0, 0, 0, 0, 0, 0, 0, 0, 0, 0, 0, 
IDA*
 explored_nodes: 161, 2058, 74, 2858, 201, 190, 87, 560, 154, 395, 349, 9478, 100, 139, 392, 961, 87, 104, 209, 148, 52, 125, 240, 54, 69, 164, 46, 525, 218, 68, 336, 47, 149, 969, 861, 180, 452, 77, 6687, 72, 3488, 71, 385, 156, 247, 71, 91, 838, 5796, 791, 765, 152, 256, 64, 55, 328, 350, 152, 73, 183, 296, 260, 603, 102, 747, 63, 73, 313, 164, 77, 143, 53, 111, 83, 344, 39, 143, 192, 552, 288, 61, 241, 145, 47, 260, 96, 45, 13202, 997, 134, 110, 572, 176, 129, 759, 73, 56, 130, 2182, 254, 
 suboptimal_solution: 4, 6, 4, 8, 4, 6, 4, 8, 4, 8, 8, 14, 2, 8, 8, 6, 4, 2, 6, 4, 2, 6, 6, 8, 2, 6, 4, 6, 6, 6, 8, 2, 6, 8, 8, 4, 6, 6, 10, 2, 10, 4, 6, 4, 2, 4, 6, 12, 12, 6, 8, 4, 4, 4, 2, 6, 8, 4, 4, 10, 4, 6, 6, 4, 10, 4, 4, 10, 6, 4, 4, 4, 6, 0, 8, 2, 6, 6, 6, 6, 4, 6, 8, 2, 8, 4, 4, 12, 4, 4, 8, 10, 2, 6, 8, 2, 4, 4, 10, 2, 

A* nodes average: 21.82
A* suboptimal average: 0.32
IDA* nodes average: 687.23
IDA* suboptimal average: 5.68


------end:------
A*
 explored_nodes: 33, 24, 21, 26, 19, 17, 26, 19, 22, 26, 23, 20, 33, 33, 105, 16, 29, 17, 24, 16, 23, 24, 18, 26, 39, 19, 21, 18, 27, 30, 22, 21, 37, 16, 23, 28, 16, 27, 19, 44, 34, 16, 20, 32, 29, 33, 24, 28, 23, 32, 56, 28, 30, 28, 30, 51, 17, 27, 22, 76, 69, 28, 29, 39, 39, 16, 21, 16, 60, 22, 16, 22, 21, 45, 39, 31, 48, 36, 18, 52, 17, 35, 21, 23, 16, 19, 16, 28, 16, 28, 16, 24, 24, 22, 22, 42, 20, 34, 18, 20, 
 suboptimal_solution: 0, 0, 0, 0, 0, 0, 0, 0, 0, 0, 0, 0, 2, 0, 4, 0, 0, 0, 2, 0, 0, 0, 0, 0, 2, 0, 0, 0, 0, 0, 0, 0, 0, 0, 0, 0, 0, 0, 0, 0, 2, 0, 0, 2, 0, 0, 0, 0, 0, 0, 0, 0, 0, 2, 0, 0, 0, 0, 0, 4, 4, 0, 0, 2, 0, 0, 0, 0, 4, 0, 0, 0, 0, 0, 0, 0, 4, 0, 0, 0, 0, 2, 0, 0, 0, 0, 0, 0, 0, 0, 0, 0, 0, 2, 0, 2, 0, 0, 0, 0, 
IDA*
 explored_nodes: 1492, 281, 190, 415, 167, 72, 162, 179, 371, 349, 339, 74, 1829, 938, 14131, 74, 193, 134, 306, 77, 238, 283, 84, 396, 2502, 86, 325, 197, 742, 1865, 152, 160, 1785, 133, 632, 324, 152, 924, 88, 3094, 2329, 192, 167, 1074, 1116, 731, 428, 633, 181, 376, 1687, 575, 172, 884, 1469, 2606, 101, 302, 130, 61470, 3282, 955, 2180, 2815, 3500, 93, 346, 44, 4919, 495, 62, 286, 113, 413, 1426, 1232, 5092, 811, 131, 8128, 80, 2496, 217, 455, 123, 85, 157, 539, 109, 355, 116, 438, 472, 365, 321, 933, 287, 950, 52, 45, 
 suboptimal_solution: 4, 4, 2, 2, 2, 0, 2, 2, 4, 2, 4, 2, 4, 4, 6, 2, 4, 2, 4, 2, 2, 4, 2, 4, 4, 2, 4, 4, 4, 6, 2, 4, 6, 2, 4, 2, 2, 4, 2, 6, 4, 2, 2, 4, 4, 4, 4, 4, 2, 4, 4, 4, 2, 4, 6, 6, 2, 4, 4, 8, 6, 4, 4, 6, 6, 2, 2, 2, 6, 4, 2, 4, 2, 2, 4, 4, 6, 4, 2, 6, 2, 6, 2, 4, 2, 2, 2, 2, 2, 2, 2, 2, 4, 4, 4, 4, 2, 4, 0, 0, 

A* nodes average: 28.11
A* suboptimal average: 0.4
IDA* nodes average: 1574.76
IDA* suboptimal average: 3.36

