
------start:------
A*
 explored_nodes: 53, 31, 26, 32, 33, 37, 36, 29, 27, 32, 35, 51, 26, 33, 27, 41, 40, 45, 29, 54, 26, 29, 35, 46, 28, 34, 48, 28, 22, 25, 35, 73, 32, 50, 26, 52, 37, 39, 42, 30, 39, 31, 37, 26, 35, 31, 43, 33, 28, 36, 37, 33, 45, 25, 42, 24, 39, 27, 28, 34, 33, 24, 26, 29, 23, 28, 22, 37, 34, 68, 48, 32, 22, 22, 37, 43, 97, 31, 25, 30, 25, 41, 30, 28, 37, 30, 34, 46, 28, 63, 33, 38, 38, 39, 39, 34, 28, 27, 42, 25, 
 suboptimal_solution: 6, 0, 0, 0, 0, 4, 2, 0, 4, 0, 0, 6, 0, 0, 0, 2, 4, 0, 2, 4, 0, 0, 0, 0, 0, 0, 4, 0, 0, 0, 0, 0, 0, 2, 0, 2, 0, 0, 4, 2, 0, 0, 4, 0, 2, 2, 2, 0, 0, 0, 0, 2, 0, 0, 2, 0, 4, 0, 0, 0, 0, 0, 0, 2, 0, 0, 0, 4, 0, 6, 2, 0, 0, 0, 0, 2, 0, 0, 0, 0, 0, 0, 0, 0, 0, 0, 2, 0, 0, 2, 0, 4, 0, 6, 0, 0, 0, 0, 4, 0, 
IDA*
 explored_nodes: 3856, 1451, 199, 300, 1081, 701, 429, 131, 208, 1401, 423, 1485, 99, 323, 418, 488, 895, 556, 197, 1746, 537, 389, 1489, 806, 829, 293, 3637, 417, 73, 128, 1025, 3129, 241, 1069, 968, 1858, 837, 236, 214, 89, 475, 181, 977, 358, 382, 658, 1012, 10441, 641, 6638, 494, 288, 2738, 147, 572, 172, 534, 509, 146, 204, 698, 123, 205, 563, 237, 1143, 102, 171, 146, 46838, 538, 177, 66, 102, 582, 2827, 25740, 1080, 365, 113, 98, 607, 293, 165, 180, 225, 1165, 1664, 383, 2184, 179, 443, 1398, 120, 575, 226, 404, 244, 3271, 301, 
 suboptimal_solution: 8, 8, 4, 8, 10, 10, 8, 6, 8, 6, 4, 12, 8, 6, 6, 6, 8, 8, 10, 10, 6, 6, 6, 6, 8, 6, 8, 6, 4, 4, 6, 10, 6, 10, 10, 8, 8, 8, 6, 6, 8, 6, 8, 6, 6, 6, 8, 10, 6, 8, 6, 8, 8, 4, 8, 4, 10, 6, 6, 8, 6, 10, 6, 8, 8, 8, 4, 8, 4, 10, 6, 6, 2, 4, 8, 8, 14, 8, 8, 8, 6, 8, 6, 6, 6, 4, 8, 8, 8, 10, 6, 8, 8, 8, 8, 6, 8, 8, 10, 4, 

A* nodes average: 35.43
A* suboptimal average: 1.0
IDA* nodes average: 1581.59
IDA* suboptimal average: 7.2


------middle:------
A*
 explored_nodes: 47, 29, 39, 25, 23, 31, 35, 25, 36, 35, 30, 23, 82, 33, 39, 34, 21, 39, 36, 29, 49, 34, 32, 25, 32, 26, 23, 25, 32, 22, 21, 21, 40, 40, 23, 25, 37, 36, 30, 28, 43, 34, 29, 24, 24, 48, 21, 35, 29, 23, 34, 23, 27, 24, 29, 23, 32, 22, 22, 28, 26, 41, 29, 34, 34, 34, 24, 32, 34, 26, 29, 35, 35, 60, 33, 26, 22, 28, 26, 39, 23, 23, 25, 25, 24, 32, 24, 42, 41, 23, 26, 22, 25, 21, 26, 32, 36, 28, 25, 32, 
 suboptimal_solution: 2, 0, 0, 0, 2, 0, 4, 0, 0, 0, 0, 0, 6, 0, 0, 0, 0, 2, 2, 2, 0, 0, 0, 0, 2, 0, 0, 2, 2, 0, 0, 0, 2, 4, 0, 0, 2, 0, 4, 4, 0, 0, 2, 2, 2, 0, 0, 0, 0, 0, 0, 0, 0, 0, 2, 0, 0, 0, 0, 0, 0, 0, 0, 0, 4, 0, 0, 0, 0, 0, 0, 0, 2, 0, 0, 0, 0, 0, 0, 0, 0, 0, 0, 0, 0, 2, 0, 0, 0, 0, 0, 0, 0, 0, 0, 2, 4, 0, 0, 2, 
IDA*
 explored_nodes: 1067, 166, 1518, 200, 360, 998, 357, 441, 245, 663, 489, 114, 13052, 928, 2212, 1365, 183, 2695, 1233, 816, 1315, 359, 696, 207, 514, 91, 58, 284, 331, 134, 222, 261, 1116, 752, 50, 183, 484, 339, 190, 389, 300, 3394, 542, 381, 193, 49557, 216, 350, 428, 294, 906, 153, 1769, 177, 491, 149, 3825, 97, 125, 464, 164, 519, 350, 211, 241, 371, 368, 324, 1017, 656, 233, 831, 475, 6565, 149, 397, 290, 147, 209, 786, 65, 208, 898, 284, 211, 375, 86, 1647, 507, 80, 430, 326, 114, 320, 176, 105, 1864, 274, 375, 257, 
 suboptimal_solution: 10, 8, 8, 6, 8, 6, 8, 6, 4, 8, 8, 4, 12, 8, 6, 8, 4, 10, 10, 8, 12, 4, 4, 4, 8, 6, 2, 8, 6, 6, 4, 4, 8, 10, 6, 4, 8, 2, 8, 8, 6, 8, 8, 4, 6, 14, 4, 8, 6, 8, 8, 6, 6, 4, 8, 4, 8, 4, 6, 6, 6, 10, 6, 4, 8, 6, 8, 4, 10, 6, 6, 10, 8, 10, 6, 4, 10, 4, 6, 8, 4, 2, 6, 8, 6, 8, 4, 8, 8, 4, 6, 4, 6, 4, 6, 4, 12, 8, 6, 6, 

A* nodes average: 30.68
A* suboptimal average: 0.66
IDA* nodes average: 1237.93
IDA* suboptimal average: 6.64


------end:------
A*
 explored_nodes: 174, 31, 67, 110, 52, 45, 100, 180, 76, 70, 56, 38, 28, 39, 46, 157, 46, 85, 93, 105, 124, 134, 48, 96, 37, 41, 50, 111, 39, 78, 118, 277, 77, 115, 83, 89, 38, 41, 90, 68, 53, 106, 63, 58, 109, 35, 47, 37, 83, 22, 59, 140, 47, 130, 98, 65, 35, 45, 81, 67, 28, 52, 187, 52, 122, 42, 21, 146, 65, 213, 46, 41, 44, 157, 102, 100, 34, 101, 56, 63, 96, 23, 42, 30, 37, 80, 49, 41, 37, 42, 49, 130, 119, 38, 56, 137, 80, 80, 59, 115, 
 suboptimal_solution: 4, 2, 0, 2, 0, 0, 0, 4, 0, 0, 0, 0, 0, 0, 0, 0, 0, 4, 0, 2, 0, 0, 0, 0, 0, 0, 0, 2, 0, 0, 2, 4, 0, 0, 0, 0, 0, 0, 0, 0, 0, 0, 0, 0, 4, 0, 0, 0, 0, 0, 0, 0, 0, 0, 0, 0, 2, 2, 2, 0, 0, 0, 2, 2, 2, 0, 0, 4, 0, 0, 2, 0, 0, 2, 0, 0, 0, 4, 0, 0, 0, 0, 0, 0, 0, 2, 0, 0, 0, 0, 0, 0, 0, 0, 0, 2, 0, 0, 0, 2, 
IDA*
 explored_nodes: 29530, 1177, 1611, 6583, 3661, 5895, 4859, 25356, 807, 16331, 4250, 527, 434, 3643, 340, 6321, 451, 5591, 7058, 6923, 181083, 6162, 527, 4305, 2227, 5857, 867, 5038, 2501, 895, 21069, 26759, 1755, 30034, 773, 1423, 603, 766, 3320, 3858, 1200, 5253, 1182, 1029, 13557, 2460, 989, 758, 3745, 196, 1136, 11200, 1266, 10431, 4716, 660, 2087, 3670, 4566, 6301, 197, 3566, 14103, 5159, 11544, 1027, 179, 26089, 2734, 36861, 2361, 450, 3656, 23950, 17495, 2007, 612, 35787, 3907, 3570, 6341, 407, 717, 544, 1395, 4528, 1116, 705, 491, 511, 1204, 4868, 4219, 1688, 1496, 8421, 6597, 3335, 2024, 4368, 
 suboptimal_solution: 6, 4, 2, 4, 4, 4, 4, 6, 2, 4, 4, 2, 2, 2, 0, 4, 2, 4, 4, 4, 8, 4, 2, 4, 4, 4, 2, 4, 4, 2, 4, 4, 2, 6, 2, 2, 2, 2, 4, 2, 2, 4, 2, 4, 6, 4, 2, 2, 4, 2, 4, 6, 2, 4, 4, 2, 4, 2, 4, 4, 2, 4, 4, 4, 4, 2, 2, 6, 4, 6, 2, 2, 4, 6, 4, 2, 2, 6, 4, 4, 4, 2, 2, 2, 4, 4, 4, 2, 2, 2, 2, 4, 4, 4, 4, 4, 4, 4, 4, 4, 

A* nodes average: 77.44
A* suboptimal average: 0.6
IDA* nodes average: 7578.01
IDA* suboptimal average: 3.44

