
------start:------
A*
 explored_nodes: 34, 33, 37, 35, 40, 45, 33, 40, 38, 35, 27, 37, 50, 41, 38, 57, 44, 32, 33, 29, 31, 31, 48, 55, 34, 63, 37, 30, 31, 31, 37, 39, 37, 36, 42, 28, 42, 38, 40, 33, 28, 67, 29, 29, 46, 29, 35, 48, 40, 35, 32, 46, 33, 31, 40, 33, 38, 35, 35, 58, 39, 28, 44, 37, 32, 26, 37, 33, 36, 29, 29, 29, 46, 47, 36, 26, 32, 38, 32, 40, 31, 44, 53, 34, 42, 27, 40, 30, 35, 41, 32, 42, 40, 42, 32, 30, 36, 31, 34, 36, 
 suboptimal_solution: 0, 0, 0, 0, 0, 0, 0, 0, 0, 0, 0, 0, 0, 2, 0, 0, 0, 0, 0, 0, 0, 0, 0, 0, 0, 0, 0, 0, 0, 0, 0, 0, 0, 0, 0, 0, 0, 0, 0, 0, 0, 0, 0, 0, 0, 0, 0, 0, 0, 0, 0, 0, 0, 0, 0, 0, 0, 0, 0, 0, 0, 0, 0, 2, 0, 0, 0, 0, 0, 0, 0, 0, 0, 0, 0, 0, 0, 0, 0, 0, 0, 0, 0, 0, 0, 0, 0, 0, 0, 0, 0, 0, 0, 0, 0, 0, 0, 0, 0, 0, 
IDA*
 explored_nodes: 118, 164, 174, 114, 126, 352, 87, 161, 249, 188, 62, 157, 106, 317, 108, 443, 179, 138, 79, 114, 115, 85, 224, 223, 142, 214, 245, 78, 172, 62, 200, 85, 78, 110, 138, 173, 143, 197, 125, 127, 72, 189, 103, 104, 164, 94, 71, 184, 335, 260, 108, 224, 364, 158, 134, 164, 114, 246, 105, 115, 195, 91, 139, 150, 104, 52, 213, 412, 118, 90, 104, 140, 150, 233, 250, 92, 109, 70, 105, 180, 112, 166, 247, 164, 327, 78, 122, 144, 236, 155, 207, 472, 135, 168, 131, 83, 271, 146, 130, 134, 
 suboptimal_solution: 2, 4, 4, 2, 2, 4, 2, 2, 2, 4, 2, 2, 2, 4, 2, 4, 2, 2, 2, 2, 2, 2, 2, 4, 4, 4, 2, 2, 2, 2, 2, 2, 2, 2, 2, 2, 2, 2, 4, 2, 2, 2, 2, 2, 2, 2, 4, 2, 4, 4, 2, 2, 4, 2, 2, 2, 2, 4, 2, 4, 4, 4, 2, 4, 2, 0, 2, 4, 2, 2, 2, 2, 2, 2, 4, 2, 2, 4, 2, 4, 2, 4, 2, 2, 4, 2, 2, 4, 4, 4, 2, 4, 2, 4, 4, 2, 2, 2, 4, 2, 

A* nodes average: 37.16
A* suboptimal average: 0.04
IDA* nodes average: 163.05
IDA* suboptimal average: 2.62


------middle:------
A*
 explored_nodes: 33, 44, 76, 37, 33, 30, 30, 34, 32, 29, 38, 40, 47, 27, 32, 28, 32, 30, 48, 29, 41, 28, 32, 38, 37, 32, 32, 28, 36, 29, 41, 32, 41, 27, 40, 33, 29, 30, 38, 31, 35, 28, 31, 37, 28, 31, 36, 42, 30, 30, 36, 27, 26, 37, 31, 26, 26, 30, 40, 42, 42, 31, 36, 43, 31, 34, 33, 30, 65, 31, 35, 30, 28, 28, 31, 35, 46, 27, 30, 37, 44, 32, 31, 30, 31, 34, 35, 28, 38, 29, 27, 27, 33, 28, 26, 45, 35, 33, 41, 40, 
 suboptimal_solution: 0, 0, 0, 0, 0, 0, 0, 0, 0, 0, 2, 0, 0, 0, 0, 0, 0, 0, 0, 0, 0, 0, 0, 0, 0, 0, 0, 0, 0, 0, 0, 0, 0, 0, 0, 0, 0, 0, 0, 0, 0, 0, 0, 0, 0, 0, 0, 0, 0, 0, 0, 0, 0, 0, 0, 0, 0, 0, 0, 2, 0, 0, 0, 0, 0, 0, 0, 0, 2, 0, 0, 0, 0, 0, 0, 0, 0, 0, 0, 0, 0, 0, 0, 2, 0, 0, 0, 0, 0, 0, 0, 0, 0, 0, 0, 0, 0, 0, 0, 0, 
IDA*
 explored_nodes: 79, 384, 989, 125, 59, 105, 58, 145, 96, 75, 50, 219, 386, 243, 184, 74, 263, 81, 262, 282, 98, 65, 155, 262, 180, 86, 87, 147, 105, 76, 117, 244, 81, 194, 417, 140, 66, 93, 122, 304, 92, 80, 257, 150, 244, 120, 85, 183, 257, 305, 348, 72, 58, 176, 242, 127, 208, 88, 299, 177, 235, 133, 178, 272, 258, 213, 142, 251, 314, 102, 273, 95, 211, 177, 269, 182, 86, 276, 140, 315, 448, 76, 367, 257, 127, 117, 161, 163, 161, 75, 54, 88, 116, 80, 98, 501, 497, 276, 277, 245, 
 suboptimal_solution: 2, 4, 6, 2, 2, 2, 0, 2, 2, 2, 2, 4, 4, 4, 2, 2, 2, 2, 2, 4, 2, 0, 2, 2, 2, 2, 2, 2, 2, 2, 2, 2, 2, 2, 2, 4, 2, 2, 2, 2, 2, 2, 4, 2, 2, 4, 2, 2, 4, 4, 6, 2, 2, 2, 2, 2, 2, 2, 2, 4, 4, 2, 4, 4, 2, 4, 2, 4, 4, 2, 2, 2, 2, 2, 4, 2, 2, 2, 2, 2, 4, 2, 4, 4, 2, 2, 2, 2, 2, 2, 0, 2, 2, 2, 2, 4, 4, 2, 2, 2, 

A* nodes average: 34.23
A* suboptimal average: 0.08
IDA* nodes average: 190.72
IDA* suboptimal average: 2.48


------end:------
A*
 explored_nodes: 57, 65, 54, 70, 49, 35, 63, 98, 29, 45, 26, 89, 59, 36, 87, 66, 93, 26, 51, 35, 39, 45, 104, 44, 43, 53, 37, 75, 57, 60, 36, 95, 46, 35, 64, 44, 64, 52, 75, 73, 48, 79, 26, 60, 56, 92, 78, 49, 44, 63, 59, 46, 53, 37, 54, 31, 33, 37, 116, 47, 36, 102, 68, 40, 40, 67, 104, 38, 60, 42, 44, 77, 49, 65, 42, 93, 77, 81, 66, 68, 64, 98, 51, 53, 51, 50, 57, 37, 35, 61, 51, 84, 113, 36, 47, 94, 35, 54, 62, 113, 
 suboptimal_solution: 0, 0, 0, 0, 0, 0, 0, 0, 0, 0, 0, 0, 0, 0, 0, 0, 0, 0, 0, 0, 0, 0, 0, 0, 0, 0, 0, 0, 0, 0, 0, 0, 0, 0, 0, 0, 0, 0, 0, 0, 0, 0, 0, 0, 0, 0, 0, 0, 0, 0, 0, 0, 0, 0, 0, 0, 0, 0, 0, 0, 0, 2, 0, 0, 0, 0, 0, 0, 0, 0, 0, 0, 0, 0, 0, 0, 0, 0, 0, 0, 0, 0, 0, 0, 0, 0, 0, 0, 0, 0, 0, 0, 0, 0, 0, 0, 0, 0, 0, 0, 
IDA*
 explored_nodes: 216, 851, 376, 268, 347, 120, 224, 1976, 87, 475, 86, 954, 266, 401, 693, 981, 531, 79, 227, 533, 478, 173, 552, 139, 539, 551, 142, 447, 350, 317, 135, 495, 400, 111, 186, 369, 909, 155, 287, 265, 174, 800, 81, 423, 208, 674, 1341, 163, 483, 455, 786, 187, 982, 138, 120, 101, 116, 96, 487, 517, 467, 2123, 311, 452, 117, 162, 736, 397, 397, 145, 122, 936, 212, 303, 491, 490, 231, 1057, 540, 489, 502, 849, 218, 144, 574, 169, 177, 132, 108, 509, 205, 889, 583, 546, 338, 549, 313, 231, 175, 693, 
 suboptimal_solution: 0, 2, 2, 0, 2, 0, 0, 2, 0, 2, 0, 2, 0, 2, 2, 2, 2, 0, 0, 2, 2, 0, 2, 0, 2, 2, 0, 2, 2, 2, 0, 2, 2, 0, 0, 2, 2, 0, 0, 0, 0, 2, 0, 2, 0, 2, 2, 0, 2, 2, 2, 0, 2, 0, 0, 0, 0, 0, 0, 2, 2, 4, 2, 2, 0, 0, 2, 2, 2, 2, 0, 2, 0, 0, 2, 2, 0, 2, 2, 2, 2, 2, 0, 0, 2, 0, 0, 0, 0, 2, 0, 2, 2, 2, 2, 2, 2, 0, 0, 2, 

A* nodes average: 58.87
A* suboptimal average: 0.02
IDA* nodes average: 431.05
IDA* suboptimal average: 1.14

