
------start:------
A*
 explored_nodes: 34, 34, 40, 49, 39, 42, 47, 50, 51, 51, 38, 69, 34, 28, 74, 39, 36, 29, 48, 45, 46, 41, 49, 40, 58, 29, 40, 81, 56, 36, 40, 51, 29, 63, 60, 40, 38, 34, 40, 28, 55, 47, 36, 28, 47, 42, 34, 47, 30, 61, 36, 55, 31, 47, 43, 40, 50, 37, 40, 35, 54, 40, 44, 37, 42, 40, 32, 54, 38, 29, 48, 39, 43, 34, 34, 87, 34, 38, 32, 46, 28, 48, 26, 32, 27, 33, 42, 49, 32, 48, 44, 35, 67, 37, 28, 46, 56, 39, 35, 37, 
 suboptimal_solution: 0, 0, 0, 0, 2, 0, 0, 4, 0, 2, 0, 0, 0, 0, 6, 2, 0, 0, 0, 0, 0, 2, 0, 0, 2, 0, 0, 4, 2, 0, 0, 2, 0, 0, 0, 2, 0, 0, 0, 0, 0, 0, 0, 0, 0, 0, 0, 0, 0, 2, 2, 2, 0, 6, 0, 2, 0, 0, 0, 0, 2, 2, 0, 2, 0, 2, 0, 0, 0, 0, 2, 0, 0, 2, 2, 0, 2, 0, 2, 2, 0, 2, 0, 2, 0, 0, 2, 2, 0, 0, 0, 2, 2, 2, 0, 0, 0, 0, 2, 0, 
IDA*
 explored_nodes: 192, 170, 251, 972, 138, 255, 500, 1670, 401, 703, 757, 1222, 138, 84, 10154, 1256, 140, 147, 1979, 370, 339, 186, 777, 208, 643, 84, 230, 1895, 449, 216, 731, 463, 244, 919, 3641, 441, 262, 329, 311, 169, 1034, 450, 548, 251, 1726, 404, 302, 677, 247, 895, 292, 1270, 356, 1019, 314, 164, 475, 142, 303, 315, 560, 486, 201, 805, 713, 610, 164, 732, 247, 99, 184, 1480, 355, 377, 425, 1220, 282, 327, 1319, 181, 124, 504, 196, 319, 89, 158, 545, 1173, 168, 2216, 433, 469, 1182, 323, 126, 947, 1523, 129, 257, 267, 
 suboptimal_solution: 8, 6, 6, 4, 6, 4, 4, 8, 4, 6, 4, 6, 4, 4, 8, 6, 2, 4, 6, 4, 4, 4, 6, 4, 8, 2, 6, 6, 6, 4, 6, 6, 6, 6, 6, 6, 4, 4, 4, 4, 6, 6, 6, 4, 6, 4, 4, 6, 4, 6, 6, 6, 4, 8, 4, 4, 6, 6, 4, 6, 8, 6, 4, 6, 6, 6, 6, 6, 4, 2, 6, 6, 6, 6, 4, 8, 6, 4, 8, 6, 4, 6, 2, 4, 4, 4, 6, 8, 2, 6, 4, 4, 6, 6, 4, 6, 10, 2, 8, 6, 

A* nodes average: 42.51
A* suboptimal average: 0.8
IDA* nodes average: 671.35
IDA* suboptimal average: 5.28


------middle:------
A*
 explored_nodes: 32, 42, 64, 26, 41, 54, 40, 33, 33, 36, 49, 34, 26, 45, 59, 43, 32, 35, 34, 32, 45, 40, 47, 34, 34, 57, 30, 33, 28, 50, 37, 34, 45, 30, 30, 51, 42, 28, 27, 32, 50, 31, 30, 34, 30, 27, 37, 39, 26, 27, 38, 26, 38, 35, 37, 28, 57, 32, 43, 29, 38, 38, 30, 57, 51, 74, 38, 52, 46, 32, 50, 40, 39, 42, 51, 41, 94, 36, 58, 27, 42, 28, 40, 29, 40, 50, 26, 42, 33, 29, 29, 68, 35, 41, 44, 45, 32, 29, 33, 37, 
 suboptimal_solution: 0, 2, 2, 0, 2, 0, 0, 0, 0, 2, 4, 0, 0, 0, 4, 0, 0, 0, 0, 0, 0, 0, 0, 0, 2, 4, 0, 2, 0, 0, 4, 0, 0, 0, 0, 0, 2, 0, 0, 0, 0, 0, 2, 0, 0, 0, 0, 0, 0, 0, 0, 0, 0, 0, 0, 0, 0, 0, 0, 0, 0, 0, 2, 2, 2, 6, 0, 2, 0, 0, 0, 0, 2, 2, 0, 0, 6, 0, 0, 0, 2, 0, 0, 0, 0, 2, 0, 4, 0, 0, 0, 0, 0, 0, 2, 2, 0, 0, 0, 0, 
IDA*
 explored_nodes: 480, 603, 971, 103, 1136, 590, 300, 98, 509, 873, 2359, 203, 88, 298, 324, 223, 220, 372, 149, 149, 279, 213, 538, 202, 253, 1631, 127, 347, 115, 424, 186, 773, 496, 111, 135, 1238, 1730, 90, 166, 558, 236, 223, 350, 229, 348, 132, 199, 2523, 106, 222, 386, 121, 139, 543, 372, 91, 558, 319, 158, 223, 213, 251, 156, 692, 232, 2922, 384, 1517, 439, 336, 596, 331, 300, 452, 1943, 3216, 2428, 166, 1508, 82, 236, 193, 320, 348, 212, 468, 151, 830, 157, 498, 118, 1144, 660, 316, 291, 674, 698, 160, 301, 1141, 
 suboptimal_solution: 6, 6, 4, 4, 6, 6, 6, 4, 4, 6, 10, 6, 2, 6, 8, 4, 4, 4, 4, 4, 6, 4, 6, 4, 6, 6, 2, 8, 2, 6, 6, 8, 6, 4, 4, 8, 8, 4, 4, 6, 4, 4, 4, 4, 4, 4, 4, 6, 2, 6, 4, 10, 4, 4, 6, 4, 6, 4, 4, 6, 6, 6, 6, 6, 4, 8, 6, 8, 6, 4, 6, 6, 6, 6, 6, 6, 10, 4, 8, 6, 6, 4, 4, 4, 6, 8, 6, 8, 4, 6, 4, 6, 6, 4, 6, 6, 4, 6, 4, 8, 

A* nodes average: 39.24
A* suboptimal average: 0.68
IDA* nodes average: 542.18
IDA* suboptimal average: 5.4


------end:------
A*
 explored_nodes: 108, 47, 151, 49, 39, 54, 135, 66, 41, 47, 29, 49, 43, 44, 67, 60, 28, 57, 68, 26, 49, 61, 45, 62, 36, 38, 37, 62, 28, 26, 40, 34, 40, 47, 44, 41, 61, 48, 39, 29, 68, 86, 28, 36, 50, 49, 33, 74, 43, 29, 53, 46, 81, 31, 59, 91, 33, 41, 35, 36, 39, 32, 63, 46, 32, 55, 50, 33, 58, 53, 71, 34, 30, 28, 49, 71, 96, 27, 27, 70, 32, 32, 37, 124, 84, 62, 45, 28, 83, 41, 44, 39, 52, 45, 49, 30, 73, 32, 31, 34, 
 suboptimal_solution: 2, 0, 4, 0, 0, 0, 4, 0, 0, 0, 0, 0, 0, 0, 2, 0, 0, 0, 2, 0, 0, 0, 0, 0, 0, 2, 2, 0, 0, 0, 0, 0, 0, 0, 0, 0, 2, 0, 0, 0, 0, 2, 0, 0, 0, 0, 0, 2, 0, 0, 0, 0, 0, 0, 2, 0, 0, 0, 0, 0, 0, 0, 0, 0, 0, 2, 2, 0, 0, 0, 2, 0, 0, 0, 0, 2, 2, 0, 0, 2, 0, 0, 0, 2, 2, 2, 0, 0, 0, 0, 0, 0, 0, 0, 2, 0, 0, 0, 0, 0, 
IDA*
 explored_nodes: 4045, 307, 2448, 422, 346, 395, 3678, 496, 351, 538, 186, 228, 201, 324, 663, 379, 88, 664, 1144, 157, 357, 642, 865, 448, 281, 510, 244, 885, 143, 131, 1016, 137, 587, 671, 317, 1752, 738, 615, 574, 483, 578, 616, 139, 282, 277, 592, 189, 718, 264, 214, 465, 375, 1243, 149, 1323, 804, 140, 332, 100, 307, 477, 272, 246, 551, 276, 529, 741, 184, 235, 1091, 1000, 241, 178, 125, 578, 539, 1125, 212, 187, 1436, 220, 234, 440, 233, 11807, 1316, 254, 134, 888, 124, 620, 156, 1565, 548, 462, 230, 807, 163, 360, 232, 
 suboptimal_solution: 6, 4, 4, 2, 4, 4, 6, 4, 2, 4, 2, 4, 2, 2, 4, 4, 2, 4, 4, 2, 4, 4, 4, 2, 4, 4, 4, 4, 2, 2, 4, 2, 4, 4, 4, 4, 4, 4, 2, 4, 2, 4, 2, 2, 4, 4, 2, 4, 4, 2, 4, 4, 4, 2, 4, 4, 2, 2, 4, 4, 4, 4, 2, 4, 4, 4, 4, 2, 2, 4, 4, 4, 2, 2, 4, 4, 4, 2, 2, 4, 2, 4, 4, 4, 6, 6, 2, 2, 4, 2, 4, 2, 4, 4, 4, 2, 4, 2, 4, 2, 

A* nodes average: 50.38
A* suboptimal average: 0.46
IDA* nodes average: 685.79
IDA* suboptimal average: 3.38

