
------start:------
A*
 explored_nodes: 47, 32, 29, 41, 28, 29, 34, 27, 35, 35, 30, 36, 62, 35, 29, 33, 34, 35, 37, 41, 38, 30, 31, 49, 34, 28, 41, 38, 34, 30, 27, 38, 29, 36, 34, 31, 30, 33, 36, 33, 29, 30, 38, 39, 46, 28, 39, 34, 34, 37, 29, 33, 39, 30, 36, 30, 29, 30, 33, 30, 29, 28, 45, 31, 33, 28, 31, 34, 30, 33, 31, 33, 27, 39, 39, 29, 30, 38, 33, 33, 29, 30, 41, 35, 37, 32, 42, 32, 44, 27, 39, 37, 29, 41, 29, 30, 29, 37, 31, 39, 
 suboptimal_solution: 0, 0, 0, 0, 0, 0, 0, 0, 0, 0, 0, 0, 0, 0, 0, 0, 0, 0, 0, 0, 0, 0, 0, 0, 0, 0, 0, 0, 0, 0, 0, 0, 0, 0, 0, 0, 0, 0, 0, 0, 0, 0, 0, 0, 0, 0, 0, 0, 0, 0, 0, 0, 0, 0, 0, 0, 0, 0, 0, 0, 0, 0, 0, 0, 0, 0, 0, 0, 0, 0, 0, 0, 0, 0, 0, 0, 0, 0, 0, 0, 0, 0, 0, 0, 0, 0, 0, 0, 0, 0, 0, 0, 0, 0, 0, 0, 0, 0, 0, 0, 
IDA*
 explored_nodes: 110, 106, 88, 96, 71, 91, 74, 55, 98, 61, 101, 135, 80, 57, 72, 75, 78, 72, 110, 66, 77, 80, 70, 72, 109, 78, 82, 68, 68, 88, 81, 99, 118, 83, 89, 88, 82, 85, 178, 73, 78, 128, 132, 106, 63, 104, 88, 85, 159, 95, 100, 71, 77, 123, 67, 155, 71, 81, 70, 86, 95, 113, 60, 89, 87, 73, 86, 82, 92, 63, 88, 91, 55, 80, 86, 137, 88, 85, 64, 129, 98, 66, 106, 75, 85, 103, 83, 73, 81, 83, 151, 101, 67, 83, 62, 117, 155, 78, 155, 114, 
 suboptimal_solution: 0, 0, 0, 0, 0, 0, 0, 0, 0, 0, 0, 0, 0, 0, 0, 0, 0, 0, 0, 0, 0, 0, 0, 0, 0, 0, 0, 0, 0, 0, 0, 0, 0, 0, 0, 0, 0, 0, 0, 0, 0, 0, 0, 0, 0, 0, 0, 0, 0, 0, 0, 0, 0, 0, 0, 0, 0, 0, 0, 0, 0, 0, 0, 0, 0, 0, 0, 0, 0, 0, 0, 0, 0, 0, 0, 0, 0, 0, 0, 0, 0, 0, 0, 0, 0, 0, 0, 0, 0, 0, 0, 0, 0, 0, 0, 0, 0, 0, 0, 0, 

A* nodes average: 34.06
A* suboptimal average: 0.0
IDA* nodes average: 90.82
IDA* suboptimal average: 0.0


------middle:------
A*
 explored_nodes: 39, 26, 32, 42, 31, 31, 36, 31, 44, 29, 34, 30, 37, 51, 30, 36, 41, 36, 34, 35, 31, 48, 37, 31, 36, 29, 32, 55, 37, 28, 34, 32, 32, 29, 32, 32, 32, 31, 32, 30, 29, 33, 36, 53, 44, 28, 40, 30, 34, 28, 36, 34, 57, 36, 30, 32, 28, 31, 32, 31, 32, 27, 29, 28, 31, 30, 29, 30, 45, 43, 30, 28, 30, 28, 31, 33, 28, 46, 30, 33, 32, 34, 35, 40, 30, 28, 42, 37, 38, 33, 56, 36, 39, 41, 28, 29, 27, 27, 28, 31, 
 suboptimal_solution: 0, 0, 0, 0, 0, 0, 0, 0, 0, 0, 0, 0, 0, 0, 0, 0, 0, 0, 0, 0, 0, 0, 0, 0, 0, 0, 0, 0, 0, 0, 0, 0, 0, 0, 0, 0, 0, 0, 0, 0, 0, 0, 0, 0, 0, 0, 0, 0, 0, 0, 0, 0, 0, 0, 0, 0, 0, 0, 0, 0, 0, 0, 0, 0, 0, 0, 0, 0, 0, 0, 0, 0, 0, 0, 0, 0, 0, 0, 0, 0, 0, 0, 0, 0, 0, 0, 0, 0, 0, 0, 0, 0, 0, 0, 0, 0, 0, 0, 0, 0, 
IDA*
 explored_nodes: 107, 50, 54, 100, 66, 66, 61, 95, 102, 73, 97, 83, 79, 74, 69, 95, 114, 79, 81, 52, 60, 55, 98, 65, 124, 91, 90, 65, 52, 68, 117, 76, 104, 93, 63, 80, 87, 108, 85, 122, 61, 70, 61, 68, 88, 64, 79, 64, 83, 66, 94, 113, 74, 143, 56, 144, 91, 54, 54, 99, 66, 64, 48, 60, 58, 88, 76, 131, 76, 62, 116, 91, 66, 66, 80, 91, 93, 112, 73, 117, 69, 119, 258, 49, 98, 84, 63, 82, 57, 76, 106, 65, 82, 58, 59, 77, 71, 75, 99, 123, 
 suboptimal_solution: 0, 0, 0, 0, 0, 0, 0, 0, 0, 0, 0, 0, 0, 0, 0, 0, 0, 0, 0, 0, 0, 0, 0, 0, 0, 0, 0, 0, 0, 0, 0, 0, 0, 0, 0, 0, 0, 0, 0, 0, 0, 0, 0, 0, 0, 0, 0, 0, 0, 0, 0, 0, 0, 0, 0, 0, 0, 0, 0, 0, 0, 0, 0, 0, 0, 0, 0, 0, 0, 0, 0, 0, 0, 0, 0, 0, 0, 0, 0, 0, 0, 0, 0, 0, 0, 0, 0, 0, 0, 0, 0, 0, 0, 0, 0, 0, 0, 0, 0, 0, 

A* nodes average: 34.19
A* suboptimal average: 0.0
IDA* nodes average: 83.3
IDA* suboptimal average: 0.0


------end:------
A*
 explored_nodes: 26, 26, 26, 26, 27, 29, 28, 26, 26, 29, 26, 26, 26, 28, 26, 26, 27, 28, 28, 26, 26, 26, 26, 26, 26, 29, 26, 27, 26, 26, 26, 27, 27, 27, 26, 27, 27, 27, 27, 26, 26, 27, 26, 27, 27, 29, 27, 27, 26, 28, 26, 27, 27, 27, 26, 26, 27, 26, 27, 26, 26, 26, 26, 26, 27, 28, 26, 26, 28, 26, 27, 26, 26, 26, 34, 27, 28, 29, 27, 27, 26, 28, 26, 28, 26, 26, 27, 27, 27, 26, 29, 26, 27, 28, 26, 26, 26, 27, 27, 26, 
 suboptimal_solution: 0, 0, 0, 0, 0, 0, 0, 0, 0, 0, 0, 0, 0, 0, 0, 0, 0, 0, 0, 0, 0, 0, 0, 0, 0, 0, 0, 0, 0, 0, 0, 0, 0, 0, 0, 0, 0, 0, 0, 0, 0, 0, 0, 0, 0, 0, 0, 0, 0, 0, 0, 0, 0, 0, 0, 0, 0, 0, 0, 0, 0, 0, 0, 0, 0, 0, 0, 0, 0, 0, 0, 0, 0, 0, 0, 0, 0, 0, 0, 0, 0, 0, 0, 0, 0, 0, 0, 0, 0, 0, 0, 0, 0, 0, 0, 0, 0, 0, 0, 0, 
IDA*
 explored_nodes: 57, 53, 62, 53, 64, 53, 61, 47, 57, 53, 51, 65, 65, 52, 60, 51, 53, 47, 64, 48, 54, 58, 58, 54, 51, 51, 51, 49, 56, 56, 55, 50, 60, 53, 54, 58, 53, 50, 55, 54, 52, 55, 47, 49, 55, 55, 55, 57, 54, 59, 56, 51, 56, 63, 63, 52, 67, 57, 45, 53, 60, 60, 51, 57, 53, 64, 53, 58, 60, 48, 54, 55, 49, 57, 54, 63, 55, 62, 52, 62, 56, 47, 47, 62, 49, 54, 64, 57, 47, 51, 50, 52, 50, 52, 53, 59, 73, 51, 69, 55, 
 suboptimal_solution: 0, 0, 0, 0, 0, 0, 0, 0, 0, 0, 0, 0, 0, 0, 0, 0, 0, 0, 0, 0, 0, 0, 0, 0, 0, 0, 0, 0, 0, 0, 0, 0, 0, 0, 0, 0, 0, 0, 0, 0, 0, 0, 0, 0, 0, 0, 0, 0, 0, 0, 0, 0, 0, 0, 0, 0, 0, 0, 0, 0, 0, 0, 0, 0, 0, 0, 0, 0, 0, 0, 0, 0, 0, 0, 0, 0, 0, 0, 0, 0, 0, 0, 0, 0, 0, 0, 0, 0, 0, 0, 0, 0, 0, 0, 0, 0, 0, 0, 0, 0, 

A* nodes average: 26.79
A* suboptimal average: 0.0
IDA* nodes average: 55.22
IDA* suboptimal average: 0.0

