
------start:------
A*
 explored_nodes: 26, 28, 30, 39, 40, 29, 26, 32, 32, 31, 34, 27, 24, 31, 24, 30, 25, 33, 31, 36, 29, 36, 53, 26, 58, 27, 53, 35, 36, 32, 32, 33, 22, 31, 40, 34, 33, 43, 37, 31, 28, 30, 26, 61, 29, 36, 26, 23, 28, 36, 31, 35, 22, 30, 27, 32, 36, 36, 36, 35, 57, 30, 30, 26, 22, 36, 28, 36, 35, 24, 24, 24, 30, 36, 30, 17, 26, 34, 30, 38, 41, 23, 30, 31, 31, 39, 33, 36, 54, 42, 43, 35, 45, 34, 43, 34, 27, 39, 36, 28, 
 suboptimal_solution: 0, 0, 0, 0, 0, 0, 0, 0, 0, 0, 0, 0, 0, 0, 0, 0, 0, 0, 0, 0, 0, 0, 0, 0, 0, 0, 0, 0, 0, 0, 0, 0, 0, 0, 0, 0, 0, 0, 0, 0, 0, 0, 0, 0, 0, 0, 0, 0, 0, 0, 0, 0, 0, 0, 0, 0, 0, 0, 0, 0, 0, 0, 0, 0, 0, 0, 0, 0, 0, 0, 0, 0, 0, 0, 0, 0, 0, 0, 0, 0, 0, 0, 0, 0, 0, 0, 0, 0, 0, 0, 0, 0, 0, 0, 0, 0, 0, 0, 0, 0, 
IDA*
 explored_nodes: 185, 62, 119, 139, 52, 70, 85, 71, 230, 84, 381, 612, 39, 110, 118, 213, 55, 86, 77, 74, 93, 225, 50, 194, 349, 299, 171, 166, 146, 130, 101, 43, 55, 155, 673, 456, 220, 68, 62, 544, 98, 185, 104, 189, 110, 41, 148, 104, 122, 155, 239, 100, 62, 683, 148, 88, 77, 117, 434, 75, 134, 58, 150, 83, 174, 413, 75, 129, 112, 73, 61, 100, 58, 150, 186, 51, 174, 104, 77, 132, 350, 65, 108, 281, 286, 214, 271, 115, 140, 39, 335, 214, 418, 211, 183, 63, 148, 363, 129, 143, 
 suboptimal_solution: 0, 0, 0, 0, 0, 0, 0, 0, 0, 0, 0, 0, 0, 0, 0, 0, 0, 0, 0, 0, 0, 0, 0, 0, 0, 0, 0, 0, 0, 0, 0, 0, 0, 0, 0, 0, 0, 0, 0, 0, 0, 0, 0, 0, 0, 0, 0, 0, 0, 0, 0, 0, 0, 0, 0, 0, 0, 0, 0, 0, 0, 0, 0, 0, 0, 0, 0, 0, 0, 0, 0, 0, 0, 0, 0, 0, 0, 0, 0, 0, 0, 0, 0, 0, 0, 0, 0, 0, 0, 0, 0, 0, 0, 0, 0, 0, 0, 0, 0, 0, 

A* nodes average: 33.09
A* suboptimal average: 0.0
IDA* nodes average: 169.11
IDA* suboptimal average: 0.0


------middle:------
A*
 explored_nodes: 32, 27, 22, 35, 34, 26, 26, 25, 23, 23, 25, 28, 23, 31, 23, 25, 26, 43, 30, 23, 23, 36, 49, 29, 45, 29, 39, 30, 22, 39, 25, 20, 22, 26, 33, 35, 26, 35, 30, 23, 32, 24, 25, 45, 25, 36, 26, 22, 23, 40, 21, 24, 26, 27, 23, 27, 27, 23, 28, 28, 31, 36, 31, 22, 30, 36, 25, 35, 37, 21, 26, 38, 27, 31, 33, 20, 37, 28, 31, 42, 37, 23, 33, 28, 24, 39, 34, 33, 47, 41, 32, 28, 36, 33, 32, 38, 26, 24, 28, 19, 
 suboptimal_solution: 0, 0, 0, 0, 0, 0, 0, 0, 0, 0, 0, 0, 0, 0, 0, 0, 0, 0, 0, 0, 0, 0, 0, 0, 0, 0, 0, 0, 0, 0, 0, 0, 0, 0, 0, 0, 0, 0, 0, 0, 0, 0, 0, 0, 0, 0, 0, 0, 0, 0, 0, 0, 0, 0, 0, 0, 0, 0, 0, 0, 0, 0, 0, 0, 0, 0, 0, 0, 0, 0, 0, 0, 0, 0, 0, 0, 0, 0, 0, 0, 0, 0, 0, 0, 0, 0, 0, 0, 0, 0, 0, 0, 0, 0, 0, 0, 0, 0, 0, 0, 
IDA*
 explored_nodes: 328, 195, 201, 414, 65, 97, 155, 60, 209, 50, 325, 45, 77, 62, 118, 145, 59, 113, 329, 57, 216, 77, 48, 153, 115, 551, 100, 519, 51, 76, 119, 68, 36, 156, 183, 45, 118, 38, 95, 61, 178, 146, 65, 178, 167, 64, 195, 272, 611, 48, 67, 505, 260, 110, 295, 57, 67, 199, 179, 68, 41, 100, 156, 240, 336, 231, 32, 89, 369, 75, 194, 87, 106, 74, 139, 41, 92, 151, 216, 251, 105, 86, 63, 168, 94, 277, 604, 51, 321, 28, 91, 67, 98, 71, 75, 109, 140, 66, 315, 60, 
 suboptimal_solution: 0, 0, 0, 0, 0, 0, 0, 0, 0, 0, 0, 0, 0, 0, 0, 0, 0, 0, 0, 0, 0, 0, 0, 0, 0, 0, 0, 0, 0, 0, 0, 0, 0, 0, 0, 0, 0, 0, 0, 0, 0, 0, 0, 0, 0, 0, 0, 0, 0, 0, 0, 0, 0, 0, 0, 0, 0, 0, 0, 0, 0, 0, 0, 0, 0, 0, 0, 0, 0, 0, 0, 0, 0, 0, 0, 0, 0, 0, 0, 0, 0, 0, 0, 0, 0, 0, 0, 0, 0, 0, 0, 0, 0, 0, 0, 0, 0, 0, 0, 0, 

A* nodes average: 29.7
A* suboptimal average: 0.0
IDA* nodes average: 155.69
IDA* suboptimal average: 0.0


------end:------
A*
 explored_nodes: 23, 22, 20, 21, 21, 18, 22, 21, 21, 20, 16, 21, 23, 20, 19, 18, 23, 22, 20, 18, 22, 26, 35, 23, 31, 18, 27, 25, 19, 30, 21, 22, 24, 23, 32, 22, 18, 32, 25, 22, 17, 19, 23, 42, 21, 32, 25, 22, 20, 21, 20, 21, 23, 19, 23, 23, 25, 24, 19, 29, 38, 22, 21, 18, 17, 21, 18, 26, 24, 19, 19, 21, 21, 22, 22, 22, 25, 27, 21, 24, 32, 20, 19, 19, 20, 21, 21, 23, 46, 25, 26, 20, 32, 20, 29, 24, 22, 21, 20, 20, 
 suboptimal_solution: 0, 0, 0, 0, 0, 0, 0, 0, 0, 0, 0, 0, 0, 0, 0, 0, 0, 0, 0, 0, 0, 0, 0, 0, 0, 0, 0, 0, 0, 0, 0, 0, 0, 0, 0, 0, 0, 0, 0, 0, 0, 0, 0, 0, 0, 0, 0, 0, 0, 0, 0, 0, 0, 0, 0, 0, 0, 0, 0, 0, 0, 0, 0, 0, 0, 0, 0, 0, 0, 0, 0, 0, 0, 0, 0, 0, 0, 0, 0, 0, 0, 0, 0, 0, 0, 0, 0, 0, 0, 0, 0, 0, 0, 0, 0, 0, 0, 0, 0, 0, 
IDA*
 explored_nodes: 112, 59, 49, 70, 35, 81, 48, 46, 54, 61, 53, 43, 35, 62, 41, 48, 48, 36, 48, 50, 41, 74, 39, 46, 73, 49, 40, 41, 45, 99, 46, 66, 43, 68, 121, 39, 73, 60, 55, 45, 42, 53, 42, 98, 72, 51, 82, 169, 39, 39, 44, 48, 87, 50, 42, 42, 47, 52, 63, 45, 45, 48, 52, 83, 37, 45, 54, 57, 52, 38, 51, 85, 52, 67, 35, 73, 48, 49, 54, 44, 51, 43, 54, 40, 39, 57, 53, 42, 54, 29, 47, 36, 41, 75, 29, 28, 49, 72, 47, 59, 
 suboptimal_solution: 0, 0, 0, 0, 0, 0, 0, 0, 0, 0, 0, 0, 0, 0, 0, 0, 0, 0, 0, 0, 0, 0, 0, 0, 0, 0, 0, 0, 0, 0, 0, 0, 0, 0, 0, 0, 0, 0, 0, 0, 0, 0, 0, 0, 0, 0, 0, 0, 0, 0, 0, 0, 0, 0, 0, 0, 0, 0, 0, 0, 0, 0, 0, 0, 0, 0, 0, 0, 0, 0, 0, 0, 0, 0, 0, 0, 0, 0, 0, 0, 0, 0, 0, 0, 0, 0, 0, 0, 0, 0, 0, 0, 0, 0, 0, 0, 0, 0, 0, 0, 

A* nodes average: 23.02
A* suboptimal average: 0.0
IDA* nodes average: 54.63
IDA* suboptimal average: 0.0

