
------start:------
A*
 explored_nodes: 21, 29, 23, 36, 33, 42, 26, 26, 42, 40, 33, 35, 24, 21, 29, 21, 35, 25, 29, 26, 28, 33, 27, 25, 23, 30, 25, 23, 29, 23, 25, 28, 44, 27, 28, 37, 25, 27, 32, 24, 22, 31, 37, 30, 25, 26, 33, 34, 26, 21, 29, 34, 26, 42, 27, 24, 28, 25, 24, 21, 42, 22, 21, 28, 24, 23, 25, 23, 30, 26, 27, 21, 25, 37, 24, 26, 23, 27, 26, 21, 24, 21, 27, 29, 43, 23, 23, 27, 25, 24, 27, 31, 26, 33, 23, 39, 25, 23, 33, 29, 
 suboptimal_solution: 0, 0, 0, 0, 0, 0, 0, 0, 2, 2, 2, 4, 0, 0, 0, 0, 2, 0, 0, 0, 0, 2, 0, 0, 0, 0, 0, 0, 0, 0, 0, 2, 2, 0, 0, 2, 0, 0, 4, 2, 0, 2, 0, 0, 0, 0, 0, 0, 0, 0, 2, 0, 0, 0, 0, 0, 0, 0, 0, 0, 4, 0, 0, 0, 0, 0, 0, 0, 0, 0, 2, 0, 0, 0, 0, 0, 0, 0, 0, 0, 0, 0, 0, 0, 4, 0, 0, 2, 0, 0, 0, 2, 0, 2, 0, 0, 0, 0, 0, 2, 
IDA*
 explored_nodes: 66, 103, 122, 2160, 560, 1265, 77, 649, 177, 410, 865, 1715, 71, 70, 153, 51, 234, 107, 182, 201, 339, 184, 111, 79, 130, 381, 174, 111, 336, 142, 127, 339, 255, 238, 220, 348, 101, 124, 430, 161, 124, 389, 148, 127, 294, 207, 363, 367, 553, 117, 427, 175, 202, 506, 94, 107, 155, 133, 165, 192, 253, 149, 53, 114, 212, 87, 67, 67, 361, 323, 408, 71, 167, 354, 256, 190, 128, 191, 997, 88, 177, 121, 116, 711, 1491, 95, 81, 96, 151, 396, 266, 202, 348, 240, 116, 385, 165, 98, 310, 839, 
 suboptimal_solution: 2, 6, 2, 6, 4, 6, 6, 8, 8, 6, 4, 6, 2, 2, 4, 4, 4, 4, 4, 4, 4, 6, 4, 4, 4, 4, 4, 4, 4, 4, 4, 4, 6, 6, 4, 4, 4, 4, 8, 4, 2, 6, 4, 4, 4, 6, 4, 4, 6, 4, 4, 6, 4, 6, 4, 4, 6, 4, 4, 4, 8, 4, 2, 4, 4, 4, 4, 4, 6, 4, 6, 4, 4, 6, 4, 4, 2, 4, 6, 4, 4, 4, 6, 6, 8, 4, 4, 4, 4, 6, 6, 4, 6, 6, 2, 6, 6, 4, 4, 8, 

A* nodes average: 28.0
A* suboptimal average: 0.48
IDA* nodes average: 293.53
IDA* suboptimal average: 4.62


------middle:------
A*
 explored_nodes: 33, 29, 31, 23, 31, 22, 23, 32, 26, 36, 26, 28, 22, 25, 25, 26, 25, 24, 29, 27, 32, 25, 23, 25, 30, 25, 24, 26, 24, 33, 28, 28, 24, 24, 37, 32, 30, 26, 27, 22, 21, 27, 23, 30, 23, 30, 26, 44, 23, 21, 23, 28, 22, 28, 25, 29, 29, 38, 30, 21, 24, 21, 24, 25, 28, 21, 33, 42, 23, 21, 30, 23, 22, 22, 23, 23, 22, 25, 28, 21, 22, 29, 24, 37, 21, 27, 22, 24, 24, 24, 24, 24, 22, 25, 25, 34, 23, 21, 29, 25, 
 suboptimal_solution: 0, 0, 2, 0, 0, 0, 0, 4, 0, 0, 0, 0, 0, 0, 0, 0, 2, 0, 0, 0, 0, 0, 0, 2, 0, 0, 0, 0, 2, 0, 0, 2, 2, 0, 0, 0, 0, 2, 2, 0, 0, 2, 0, 0, 0, 2, 0, 4, 0, 0, 0, 0, 0, 2, 0, 2, 2, 0, 0, 0, 0, 0, 0, 2, 0, 0, 0, 0, 0, 0, 0, 0, 0, 0, 0, 0, 0, 0, 0, 0, 0, 0, 0, 6, 0, 2, 0, 2, 0, 0, 0, 0, 0, 2, 2, 4, 0, 0, 0, 0, 
IDA*
 explored_nodes: 488, 294, 180, 187, 125, 76, 157, 1183, 117, 903, 224, 249, 66, 193, 88, 154, 130, 204, 200, 127, 1270, 255, 133, 96, 312, 128, 119, 691, 152, 233, 398, 517, 122, 113, 266, 374, 223, 139, 185, 86, 110, 225, 68, 1074, 135, 416, 288, 173, 323, 124, 171, 102, 221, 182, 166, 188, 129, 1673, 253, 59, 175, 104, 98, 137, 282, 88, 687, 1793, 58, 206, 210, 101, 92, 90, 73, 132, 91, 165, 134, 51, 140, 666, 127, 2354, 54, 157, 128, 170, 126, 152, 150, 195, 93, 324, 77, 167, 77, 135, 232, 182, 
 suboptimal_solution: 4, 6, 4, 4, 4, 2, 4, 8, 4, 6, 6, 6, 2, 4, 2, 4, 4, 4, 4, 4, 8, 6, 4, 2, 6, 6, 4, 6, 4, 4, 6, 6, 4, 6, 4, 6, 4, 6, 4, 8, 4, 4, 2, 6, 4, 6, 4, 6, 4, 4, 6, 6, 2, 4, 6, 4, 4, 6, 6, 2, 4, 4, 4, 6, 4, 4, 6, 8, 4, 2, 6, 4, 2, 2, 4, 2, 4, 4, 6, 2, 6, 6, 4, 8, 2, 6, 2, 4, 6, 4, 4, 2, 2, 4, 6, 6, 4, 2, 6, 4, 

A* nodes average: 26.36
A* suboptimal average: 0.54
IDA* nodes average: 277.1
IDA* suboptimal average: 4.5


------end:------
A*
 explored_nodes: 27, 21, 27, 23, 22, 25, 30, 21, 29, 25, 32, 21, 38, 25, 34, 25, 26, 22, 24, 24, 31, 35, 25, 35, 24, 52, 23, 30, 23, 24, 28, 26, 22, 31, 22, 21, 27, 26, 21, 35, 36, 21, 22, 29, 23, 22, 22, 22, 29, 26, 27, 23, 23, 28, 28, 32, 21, 25, 22, 42, 33, 26, 53, 21, 38, 23, 29, 24, 37, 38, 24, 22, 23, 42, 44, 28, 32, 22, 27, 24, 48, 37, 21, 28, 21, 41, 21, 26, 22, 26, 22, 31, 22, 23, 31, 23, 25, 32, 33, 22, 
 suboptimal_solution: 0, 0, 0, 0, 0, 0, 0, 0, 0, 0, 0, 0, 0, 0, 0, 0, 0, 0, 2, 0, 0, 0, 0, 0, 0, 2, 0, 0, 0, 0, 0, 0, 0, 2, 0, 0, 0, 0, 0, 2, 0, 0, 0, 0, 0, 0, 0, 0, 0, 0, 0, 0, 0, 0, 0, 0, 0, 0, 0, 2, 0, 0, 0, 0, 0, 0, 2, 0, 0, 0, 0, 0, 0, 2, 2, 0, 0, 0, 0, 0, 0, 0, 0, 0, 0, 0, 0, 2, 0, 0, 0, 2, 0, 0, 0, 0, 0, 0, 0, 0, 
IDA*
 explored_nodes: 189, 64, 80, 170, 157, 237, 301, 98, 114, 273, 279, 72, 2589, 289, 372, 173, 314, 118, 87, 148, 1034, 224, 202, 245, 123, 450, 96, 540, 71, 107, 263, 127, 60, 491, 89, 79, 70, 85, 64, 472, 161, 95, 92, 356, 141, 115, 98, 95, 304, 425, 104, 120, 126, 644, 328, 147, 94, 193, 96, 399, 220, 161, 220, 87, 107, 111, 529, 134, 514, 644, 98, 153, 105, 2295, 919, 168, 163, 114, 182, 60, 331, 489, 101, 326, 82, 263, 162, 138, 102, 90, 141, 459, 143, 99, 475, 172, 209, 546, 299, 58, 
 suboptimal_solution: 2, 2, 2, 2, 2, 2, 4, 2, 2, 2, 2, 4, 6, 4, 2, 4, 4, 2, 2, 2, 4, 4, 4, 2, 2, 4, 2, 4, 4, 2, 4, 2, 2, 4, 2, 2, 2, 4, 2, 4, 2, 2, 0, 4, 2, 2, 2, 0, 4, 4, 2, 2, 2, 4, 4, 2, 2, 2, 2, 4, 2, 2, 4, 2, 2, 2, 4, 2, 4, 4, 2, 2, 2, 4, 4, 2, 2, 2, 4, 2, 4, 4, 2, 4, 2, 4, 2, 4, 2, 2, 2, 4, 2, 2, 4, 2, 2, 4, 4, 2, 

A* nodes average: 27.7
A* suboptimal average: 0.2
IDA* nodes average: 268.18
IDA* suboptimal average: 2.74

