
------start:------
A*
 explored_nodes: 58, 26, 60, 35, 44, 58, 36, 44, 30, 35, 53, 30, 67, 38, 38, 34, 37, 33, 23, 42, 25, 28, 23, 38, 30, 29, 55, 28, 26, 39, 41, 34, 26, 50, 25, 70, 27, 41, 32, 27, 29, 29, 31, 59, 35, 46, 39, 55, 29, 37, 38, 31, 26, 44, 47, 51, 37, 36, 46, 38, 52, 29, 56, 63, 43, 29, 45, 41, 41, 31, 63, 58, 44, 66, 30, 47, 31, 29, 59, 30, 36, 42, 28, 34, 26, 28, 74, 29, 41, 27, 26, 33, 33, 45, 77, 36, 59, 23, 51, 24, 
 suboptimal_solution: 0, 0, 0, 4, 0, 0, 0, 6, 0, 0, 0, 0, 2, 0, 2, 0, 0, 0, 0, 0, 0, 0, 0, 0, 0, 0, 0, 0, 0, 2, 2, 0, 2, 0, 0, 2, 0, 0, 0, 2, 0, 0, 0, 0, 0, 2, 0, 0, 0, 0, 0, 0, 0, 0, 0, 2, 2, 0, 2, 0, 0, 2, 2, 2, 0, 0, 0, 4, 0, 0, 2, 6, 2, 0, 0, 0, 0, 0, 2, 0, 0, 0, 0, 0, 0, 0, 0, 0, 0, 0, 0, 0, 0, 0, 4, 0, 0, 0, 2, 0, 
IDA*
 explored_nodes: 356, 689, 573, 3228, 581, 1656, 674, 3900, 322, 500, 5250, 363, 10313, 918, 206, 381, 307, 407, 114, 1868, 326, 88, 118, 428, 1121, 2310, 1432, 276, 712, 3082, 433, 4773, 236, 1125, 249, 2710, 228, 637, 144, 189, 159, 218, 632, 5805, 1579, 1409, 1018, 52562, 170, 770, 1248, 82, 622, 1605, 637, 595, 3326, 1282, 3181, 546, 5396, 248, 601, 889, 11419, 1059, 365, 2255, 1645, 744, 1443, 526, 967, 31415, 858, 511, 389, 427, 768, 216, 450, 348, 110, 611, 1142, 861, 1786, 117, 190, 344, 185, 608, 1049, 7620, 15237, 1261, 1356, 256, 2791, 177, 
 suboptimal_solution: 2, 2, 4, 6, 2, 4, 4, 10, 0, 2, 4, 4, 6, 6, 2, 4, 2, 4, 0, 6, 2, 2, 4, 2, 4, 2, 4, 4, 2, 4, 4, 6, 2, 4, 2, 4, 4, 6, 6, 4, 2, 2, 2, 4, 4, 4, 4, 6, 2, 4, 4, 2, 0, 4, 2, 4, 4, 4, 4, 4, 4, 6, 2, 4, 4, 4, 4, 6, 4, 2, 4, 4, 4, 6, 2, 2, 4, 2, 4, 2, 2, 2, 2, 6, 2, 2, 4, 2, 4, 4, 2, 4, 2, 4, 8, 4, 6, 0, 4, 2, 

A* nodes average: 39.57
A* suboptimal average: 0.6
IDA* nodes average: 2293.09
IDA* suboptimal average: 3.52


------middle:------
A*
 explored_nodes: 42, 31, 24, 39, 31, 34, 26, 36, 68, 68, 34, 46, 32, 38, 27, 27, 34, 36, 29, 45, 41, 23, 38, 23, 27, 27, 33, 33, 41, 27, 32, 26, 26, 31, 25, 28, 24, 22, 32, 33, 28, 40, 25, 25, 46, 25, 41, 33, 31, 30, 26, 38, 29, 37, 28, 23, 89, 33, 27, 29, 25, 31, 30, 33, 35, 25, 34, 29, 28, 77, 30, 36, 30, 32, 31, 28, 27, 25, 32, 42, 60, 32, 24, 38, 37, 32, 23, 35, 25, 32, 36, 37, 29, 36, 30, 38, 44, 26, 43, 27, 
 suboptimal_solution: 2, 0, 0, 0, 0, 0, 0, 0, 2, 0, 2, 0, 0, 2, 0, 0, 2, 4, 2, 2, 4, 0, 2, 0, 0, 0, 0, 2, 0, 0, 0, 0, 0, 2, 0, 0, 0, 0, 0, 0, 0, 2, 0, 0, 2, 0, 0, 0, 0, 0, 0, 0, 0, 0, 2, 0, 4, 0, 0, 0, 0, 0, 2, 0, 0, 0, 0, 0, 0, 4, 0, 2, 0, 2, 0, 0, 0, 0, 0, 0, 0, 4, 0, 0, 0, 2, 0, 0, 0, 2, 0, 0, 0, 0, 0, 0, 4, 0, 0, 0, 
IDA*
 explored_nodes: 675, 506, 209, 1310, 502, 623, 142, 489, 2180, 3145, 538, 4624, 675, 1525, 342, 126, 349, 923, 253, 6694, 290, 73, 3439, 175, 735, 546, 309, 555, 5106, 216, 194, 232, 111, 316, 247, 80, 82, 110, 163, 285, 282, 542, 94, 349, 1580, 279, 2020, 6090, 1276, 328, 210, 1030, 233, 137, 666, 608, 9565, 771, 2095, 440, 71, 240, 637, 338, 1514, 81, 1121, 605, 147, 19062, 5082, 101, 1757, 1056, 115, 208, 210, 133, 439, 620, 743, 1750, 164, 662, 922, 529, 51, 3378, 100, 4463, 671, 199, 338, 5231, 505, 739, 1011, 248, 266, 251, 
 suboptimal_solution: 4, 2, 2, 4, 2, 2, 2, 4, 6, 6, 2, 6, 4, 4, 2, 4, 4, 6, 4, 6, 4, 4, 6, 0, 2, 2, 2, 2, 6, 0, 4, 2, 4, 2, 2, 0, 0, 4, 2, 2, 2, 4, 0, 2, 2, 4, 2, 6, 4, 2, 2, 4, 2, 0, 4, 2, 8, 2, 2, 4, 2, 2, 4, 4, 4, 0, 2, 6, 2, 8, 2, 4, 0, 4, 2, 0, 4, 4, 4, 4, 6, 4, 2, 4, 2, 2, 2, 6, 6, 2, 8, 2, 2, 4, 4, 4, 6, 2, 2, 2, 

A* nodes average: 33.66
A* suboptimal average: 0.6
IDA* nodes average: 1234.47
IDA* suboptimal average: 3.18


------end:------
A*
 explored_nodes: 40, 32, 33, 26, 39, 27, 27, 29, 58, 26, 50, 46, 31, 49, 30, 47, 41, 37, 26, 61, 41, 28, 31, 41, 38, 52, 43, 32, 24, 37, 29, 26, 44, 29, 29, 41, 30, 35, 33, 30, 58, 25, 32, 32, 32, 24, 25, 35, 24, 26, 40, 21, 37, 40, 35, 28, 26, 37, 27, 37, 51, 32, 34, 32, 29, 27, 30, 27, 36, 33, 33, 28, 32, 32, 31, 24, 38, 25, 28, 30, 36, 28, 27, 34, 35, 92, 27, 29, 27, 50, 36, 32, 29, 47, 31, 26, 25, 33, 83, 29, 
 suboptimal_solution: 0, 0, 0, 0, 0, 0, 0, 0, 2, 0, 2, 2, 0, 0, 0, 2, 0, 0, 0, 0, 0, 0, 0, 0, 0, 2, 0, 0, 0, 0, 0, 0, 0, 0, 0, 0, 2, 0, 0, 0, 0, 0, 0, 0, 0, 0, 0, 0, 0, 0, 0, 0, 0, 0, 0, 0, 0, 0, 0, 0, 0, 0, 0, 0, 0, 0, 0, 0, 0, 0, 0, 0, 0, 0, 0, 0, 0, 0, 0, 0, 0, 0, 0, 0, 0, 2, 0, 0, 0, 0, 0, 0, 0, 0, 0, 0, 0, 0, 4, 0, 
IDA*
 explored_nodes: 583, 514, 430, 555, 791, 387, 107, 337, 2375, 115, 1608, 183, 426, 5381, 300, 1714, 159, 632, 141, 3704, 3830, 164, 366, 162, 984, 1010, 390, 350, 87, 291, 642, 154, 442, 126, 247, 191, 156, 409, 633, 98, 1947, 177, 894, 152, 408, 108, 197, 366, 84, 240, 228, 130, 432, 685, 224, 264, 149, 340, 236, 857, 634, 166, 214, 301, 199, 306, 107, 446, 256, 206, 233, 171, 319, 329, 489, 78, 1276, 140, 94, 138, 259, 304, 250, 130, 284, 2551, 100, 360, 258, 1029, 579, 294, 237, 2842, 187, 121, 146, 1850, 3859, 668, 
 suboptimal_solution: 2, 2, 2, 4, 4, 2, 2, 2, 4, 0, 2, 2, 2, 4, 2, 4, 4, 2, 2, 4, 4, 2, 2, 0, 4, 2, 2, 2, 2, 2, 2, 0, 2, 2, 2, 2, 2, 2, 2, 0, 4, 0, 2, 2, 2, 0, 2, 2, 2, 2, 2, 2, 2, 2, 2, 2, 2, 2, 2, 4, 2, 2, 2, 2, 2, 2, 2, 2, 2, 2, 2, 2, 2, 2, 2, 0, 4, 2, 2, 2, 2, 0, 2, 2, 4, 4, 2, 2, 2, 4, 2, 2, 4, 4, 2, 2, 2, 4, 4, 2, 

A* nodes average: 34.77
A* suboptimal average: 0.18
IDA* nodes average: 617.02
IDA* suboptimal average: 2.22

