
------start:------
A*
 explored_nodes: 94, 30, 26, 33, 24, 47, 28, 40, 44, 46, 24, 45, 22, 32, 25, 32, 40, 31, 27, 52, 23, 57, 34, 35, 46, 52, 28, 31, 23, 25, 28, 26, 41, 31, 48, 30, 64, 33, 34, 28, 29, 30, 30, 74, 43, 31, 23, 30, 47, 22, 27, 33, 33, 34, 66, 35, 41, 32, 40, 26, 35, 33, 33, 32, 30, 32, 46, 21, 21, 54, 67, 28, 61, 33, 51, 31, 30, 35, 44, 24, 25, 27, 28, 27, 69, 30, 39, 33, 25, 59, 27, 30, 28, 24, 26, 55, 46, 30, 23, 42, 
 suboptimal_solution: 2, 0, 2, 2, 0, 0, 2, 0, 0, 6, 0, 4, 0, 0, 0, 0, 4, 2, 2, 6, 0, 2, 0, 0, 4, 0, 0, 0, 0, 0, 2, 0, 4, 2, 0, 0, 4, 0, 2, 0, 4, 0, 0, 8, 0, 0, 0, 0, 4, 0, 2, 2, 0, 2, 6, 0, 2, 0, 0, 0, 4, 0, 2, 4, 0, 2, 0, 0, 0, 0, 0, 0, 4, 0, 6, 0, 0, 0, 0, 0, 2, 0, 0, 0, 4, 0, 0, 0, 0, 4, 0, 0, 0, 0, 0, 4, 0, 4, 0, 4, 
IDA*
 explored_nodes: 5328, 273, 122, 507, 507, 1313, 160, 1306, 2202, 1418, 174, 1307, 329, 476, 197, 1131, 4510, 637, 157, 1381, 158, 636, 978, 286, 583, 3942, 98, 120, 241, 77, 141, 316, 742, 116, 718, 247, 2841, 157, 423, 193, 555, 771, 148, 9686, 2177, 475, 87, 641, 529, 147, 116, 549, 2363, 874, 8084, 295, 2213, 293, 474, 451, 551, 2022, 701, 447, 211, 776, 6706, 68, 59, 3035, 834, 171, 4349, 472, 6906, 661, 425, 2617, 686, 72, 311, 894, 185, 186, 12388, 569, 457, 1046, 294, 1070, 298, 302, 137, 104, 258, 616, 1288, 183, 179, 2864, 
 suboptimal_solution: 8, 4, 4, 6, 4, 6, 8, 10, 6, 12, 4, 8, 6, 6, 8, 6, 12, 6, 6, 12, 6, 6, 10, 6, 10, 10, 4, 8, 6, 4, 6, 6, 6, 6, 8, 4, 12, 4, 6, 12, 10, 10, 6, 12, 10, 8, 4, 6, 8, 4, 8, 8, 6, 8, 10, 6, 8, 6, 6, 6, 8, 6, 10, 8, 4, 6, 10, 4, 4, 8, 8, 4, 10, 6, 12, 4, 4, 10, 8, 2, 10, 8, 4, 6, 10, 6, 6, 8, 4, 10, 6, 8, 6, 6, 6, 8, 6, 14, 4, 8, 

A* nodes average: 36.19
A* suboptimal average: 1.26
IDA* nodes average: 1227.74
IDA* suboptimal average: 7.12


------middle:------
A*
 explored_nodes: 46, 26, 46, 45, 27, 31, 24, 27, 30, 28, 38, 35, 38, 23, 26, 56, 26, 28, 27, 33, 27, 27, 28, 25, 34, 29, 27, 29, 26, 27, 21, 39, 32, 55, 22, 38, 30, 31, 21, 26, 39, 28, 27, 21, 55, 24, 25, 27, 27, 38, 25, 29, 33, 33, 25, 62, 26, 28, 29, 23, 22, 47, 30, 28, 46, 25, 29, 26, 27, 26, 36, 34, 44, 31, 40, 25, 44, 79, 35, 40, 27, 22, 31, 24, 34, 26, 21, 22, 37, 22, 27, 26, 27, 59, 34, 22, 25, 61, 29, 24, 
 suboptimal_solution: 4, 0, 4, 2, 0, 0, 0, 0, 0, 0, 2, 2, 0, 0, 0, 4, 0, 2, 2, 0, 0, 0, 2, 0, 0, 0, 4, 2, 0, 2, 0, 6, 0, 0, 0, 2, 0, 0, 0, 0, 2, 2, 2, 0, 6, 0, 0, 0, 0, 2, 2, 0, 0, 0, 0, 4, 0, 0, 2, 0, 0, 0, 2, 0, 0, 0, 0, 0, 0, 0, 4, 0, 2, 0, 6, 2, 0, 0, 0, 0, 0, 0, 0, 0, 0, 0, 0, 0, 2, 0, 0, 0, 0, 2, 0, 0, 0, 6, 4, 0, 
IDA*
 explored_nodes: 3967, 154, 2623, 1447, 353, 456, 71, 1423, 152, 603, 614, 659, 2356, 137, 139, 381, 170, 212, 260, 271, 603, 127, 401, 104, 869, 269, 79, 258, 210, 175, 63, 311, 388, 1405, 106, 238, 144, 472, 257, 226, 1257, 129, 510, 99, 2795, 434, 67, 119, 306, 1275, 153, 209, 1779, 956, 256, 12338, 423, 171, 158, 89, 96, 814, 317, 192, 2462, 754, 127, 119, 149, 211, 349, 1874, 3544, 529, 1989, 131, 760, 49938, 643, 1250, 345, 210, 313, 245, 151, 247, 119, 143, 595, 156, 100, 152, 274, 2539, 648, 69, 108, 2779, 389, 184, 
 suboptimal_solution: 10, 10, 8, 8, 6, 6, 6, 8, 6, 6, 8, 8, 10, 6, 4, 6, 6, 4, 6, 8, 12, 4, 8, 6, 8, 6, 10, 6, 8, 8, 6, 8, 8, 10, 4, 4, 6, 6, 4, 6, 8, 6, 6, 6, 10, 10, 2, 4, 4, 10, 6, 6, 10, 6, 4, 10, 10, 6, 4, 6, 6, 8, 6, 4, 8, 6, 6, 4, 10, 6, 8, 8, 8, 6, 10, 6, 8, 12, 10, 10, 6, 4, 6, 6, 6, 6, 6, 6, 8, 4, 6, 6, 6, 10, 6, 6, 4, 10, 8, 6, 

A* nodes average: 31.92
A* suboptimal average: 0.92
IDA* nodes average: 1226.9
IDA* suboptimal average: 6.88


------end:------
A*
 explored_nodes: 85, 44, 59, 33, 27, 67, 23, 35, 31, 32, 21, 65, 34, 57, 41, 38, 22, 58, 59, 28, 33, 32, 125, 62, 189, 24, 36, 25, 26, 26, 26, 34, 37, 51, 87, 55, 25, 26, 35, 21, 46, 25, 28, 49, 23, 52, 43, 25, 34, 31, 95, 44, 42, 43, 32, 70, 26, 24, 26, 27, 52, 25, 45, 92, 51, 40, 47, 66, 30, 53, 55, 44, 57, 34, 35, 106, 52, 21, 25, 27, 50, 39, 35, 34, 48, 69, 73, 39, 56, 42, 40, 32, 136, 78, 54, 27, 30, 29, 107, 25, 
 suboptimal_solution: 2, 0, 0, 0, 0, 0, 0, 0, 0, 0, 0, 0, 0, 0, 2, 0, 0, 4, 2, 2, 0, 0, 4, 0, 0, 0, 0, 0, 0, 0, 0, 0, 0, 2, 0, 0, 0, 0, 0, 0, 2, 0, 0, 2, 0, 0, 0, 0, 0, 0, 2, 2, 0, 0, 0, 2, 2, 0, 0, 0, 0, 0, 0, 0, 0, 0, 0, 2, 0, 0, 0, 2, 2, 0, 2, 2, 0, 0, 0, 0, 0, 0, 0, 0, 0, 0, 2, 2, 0, 0, 2, 0, 4, 4, 0, 0, 0, 0, 4, 0, 
IDA*
 explored_nodes: 2049, 3899, 267, 483, 215, 5022, 76, 1414, 201, 587, 104, 4113, 1401, 2499, 1128, 1336, 100, 1846, 1967, 438, 1791, 281, 27242, 705, 107540, 148, 367, 334, 254, 63, 215, 620, 355, 2019, 1755, 556, 159, 81, 257, 104, 818, 303, 61, 634, 178, 4931, 2041, 259, 1530, 853, 4805, 1134, 935, 5673, 1103, 2944, 439, 348, 103, 181, 1301, 194, 323, 4982, 558, 482, 1523, 7541, 153, 5791, 1341, 1375, 1480, 378, 622, 3938, 3819, 114, 197, 101, 428, 1150, 760, 1335, 969, 11389, 5165, 1116, 3037, 243, 216, 925, 40419, 4643, 3671, 309, 358, 174, 3808, 278, 
 suboptimal_solution: 4, 4, 2, 4, 4, 6, 2, 4, 2, 4, 2, 4, 4, 6, 4, 4, 4, 6, 6, 4, 4, 2, 6, 4, 8, 2, 4, 4, 4, 2, 4, 4, 4, 6, 4, 2, 2, 2, 4, 2, 4, 2, 2, 4, 2, 6, 4, 2, 4, 4, 6, 4, 4, 4, 4, 4, 4, 4, 2, 4, 4, 2, 4, 6, 2, 4, 4, 6, 2, 6, 4, 4, 4, 4, 4, 4, 6, 2, 4, 2, 4, 4, 4, 4, 4, 6, 6, 4, 6, 6, 2, 4, 8, 6, 6, 4, 4, 2, 6, 4, 

A* nodes average: 46.19
A* suboptimal average: 0.58
IDA* nodes average: 3198.7
IDA* suboptimal average: 4.0

