
------start:------
A*
 explored_nodes: 23, 24, 22, 21, 22, 27, 21, 21, 28, 21, 24, 22, 21, 21, 30, 22, 21, 24, 21, 24, 21, 21, 21, 21, 21, 21, 34, 25, 21, 21, 28, 25, 22, 24, 21, 22, 21, 22, 21, 21, 21, 22, 23, 21, 21, 22, 21, 21, 21, 21, 28, 21, 21, 30, 23, 25, 25, 22, 21, 21, 21, 24, 21, 26, 21, 23, 22, 23, 25, 22, 22, 23, 21, 23, 21, 22, 28, 30, 29, 23, 30, 24, 22, 22, 21, 23, 21, 21, 23, 21, 22, 25, 21, 21, 21, 23, 28, 23, 24, 25, 
 suboptimal_solution: 0, 0, 0, 0, 0, 0, 0, 0, 0, 0, 0, 0, 0, 0, 0, 0, 0, 0, 0, 0, 0, 0, 0, 0, 0, 0, 0, 0, 0, 0, 2, 0, 0, 0, 0, 0, 0, 0, 0, 0, 0, 0, 0, 0, 0, 0, 0, 0, 0, 0, 2, 0, 0, 0, 0, 2, 0, 0, 0, 0, 0, 0, 0, 0, 0, 0, 0, 0, 0, 0, 0, 0, 0, 0, 0, 0, 0, 0, 0, 0, 2, 2, 0, 0, 0, 0, 0, 0, 0, 0, 0, 0, 0, 0, 0, 2, 0, 0, 0, 2, 
IDA*
 explored_nodes: 111, 169, 51, 69, 55, 144, 49, 75, 66, 86, 96, 112, 65, 80, 105, 91, 59, 76, 72, 81, 66, 59, 70, 69, 76, 71, 206, 86, 62, 57, 203, 156, 75, 112, 62, 87, 74, 59, 74, 75, 103, 103, 79, 54, 90, 55, 101, 90, 62, 80, 156, 99, 179, 111, 131, 71, 170, 212, 104, 57, 60, 78, 79, 72, 85, 203, 52, 112, 64, 64, 101, 69, 73, 70, 72, 71, 53, 319, 702, 51, 124, 66, 54, 164, 70, 189, 53, 100, 61, 61, 66, 172, 53, 72, 102, 45, 231, 145, 110, 59, 
 suboptimal_solution: 2, 4, 2, 2, 0, 2, 0, 2, 2, 2, 2, 2, 2, 2, 2, 2, 2, 2, 2, 4, 2, 2, 2, 2, 2, 2, 2, 4, 2, 2, 4, 2, 2, 2, 2, 2, 2, 2, 2, 2, 2, 2, 2, 2, 2, 2, 2, 2, 2, 2, 4, 2, 2, 2, 2, 4, 4, 2, 2, 2, 2, 2, 2, 4, 2, 4, 2, 2, 2, 2, 4, 2, 4, 2, 2, 2, 4, 6, 6, 2, 4, 4, 4, 2, 2, 4, 2, 2, 2, 2, 2, 4, 2, 2, 2, 4, 4, 4, 4, 2, 

A* nodes average: 22.96
A* suboptimal average: 0.14
IDA* nodes average: 100.65
IDA* suboptimal average: 2.46


------middle:------
A*
 explored_nodes: 22, 22, 21, 23, 22, 23, 21, 21, 24, 21, 23, 22, 21, 22, 23, 23, 23, 32, 21, 22, 21, 21, 22, 21, 21, 24, 21, 23, 21, 22, 21, 24, 28, 21, 24, 27, 33, 25, 21, 21, 24, 32, 22, 21, 21, 22, 21, 31, 21, 21, 21, 22, 22, 22, 21, 23, 21, 25, 21, 21, 31, 26, 23, 23, 21, 23, 22, 23, 21, 21, 21, 26, 21, 21, 21, 27, 21, 26, 21, 25, 22, 24, 21, 23, 21, 24, 25, 29, 21, 21, 21, 21, 21, 22, 28, 26, 24, 21, 21, 21, 
 suboptimal_solution: 0, 0, 0, 0, 0, 0, 0, 0, 2, 0, 0, 0, 0, 0, 0, 0, 2, 2, 0, 0, 0, 0, 0, 0, 0, 2, 0, 0, 0, 0, 0, 0, 0, 0, 0, 0, 0, 0, 0, 0, 0, 2, 0, 0, 0, 0, 0, 0, 0, 0, 0, 0, 0, 0, 0, 0, 0, 2, 0, 0, 0, 0, 0, 0, 0, 0, 0, 0, 0, 0, 0, 0, 0, 0, 0, 0, 0, 0, 0, 0, 0, 0, 0, 0, 0, 2, 2, 0, 0, 0, 0, 0, 0, 0, 0, 0, 0, 0, 0, 0, 
IDA*
 explored_nodes: 122, 71, 52, 91, 98, 89, 180, 74, 63, 57, 120, 53, 43, 72, 59, 71, 50, 231, 46, 56, 181, 281, 54, 166, 56, 69, 55, 50, 52, 56, 189, 120, 205, 293, 52, 54, 107, 81, 44, 58, 99, 133, 187, 154, 48, 91, 82, 235, 56, 183, 207, 86, 48, 72, 47, 49, 85, 95, 247, 62, 47, 124, 84, 66, 54, 214, 52, 153, 37, 169, 42, 55, 46, 284, 66, 64, 55, 50, 46, 41, 75, 126, 62, 96, 52, 197, 62, 462, 52, 59, 44, 74, 65, 223, 246, 137, 63, 93, 233, 185, 
 suboptimal_solution: 2, 2, 0, 2, 2, 2, 2, 2, 2, 2, 2, 2, 0, 2, 2, 4, 2, 4, 2, 2, 2, 2, 2, 2, 2, 2, 2, 2, 2, 2, 2, 2, 2, 2, 2, 0, 2, 2, 2, 2, 2, 4, 2, 2, 2, 2, 2, 4, 2, 2, 4, 2, 0, 2, 0, 2, 2, 2, 2, 2, 2, 4, 2, 2, 2, 4, 2, 4, 0, 2, 0, 2, 0, 2, 2, 2, 2, 2, 0, 0, 2, 2, 2, 2, 2, 4, 4, 4, 2, 2, 0, 2, 2, 4, 2, 4, 4, 2, 2, 2, 

A* nodes average: 22.9
A* suboptimal average: 0.16
IDA* nodes average: 105.42
IDA* suboptimal average: 2.06


------end:------
A*
 explored_nodes: 28, 21, 39, 21, 25, 28, 39, 21, 26, 21, 28, 21, 23, 21, 41, 21, 21, 21, 21, 21, 32, 22, 21, 56, 21, 28, 28, 21, 21, 29, 21, 21, 21, 21, 28, 45, 36, 27, 21, 22, 32, 21, 30, 21, 55, 21, 29, 25, 21, 21, 21, 22, 30, 21, 22, 27, 21, 21, 21, 34, 26, 23, 29, 21, 27, 24, 21, 21, 25, 21, 21, 21, 44, 21, 21, 41, 24, 25, 21, 21, 23, 23, 28, 21, 22, 21, 21, 21, 21, 39, 31, 21, 21, 22, 22, 21, 21, 21, 21, 22, 
 suboptimal_solution: 0, 0, 0, 0, 0, 0, 2, 0, 0, 0, 0, 0, 0, 0, 0, 0, 0, 0, 0, 0, 0, 0, 0, 0, 0, 0, 0, 0, 0, 0, 0, 0, 0, 0, 0, 0, 0, 0, 0, 0, 0, 0, 0, 0, 2, 0, 0, 0, 0, 0, 0, 0, 0, 0, 0, 0, 0, 0, 0, 0, 0, 0, 0, 0, 0, 0, 0, 0, 0, 0, 0, 0, 0, 0, 0, 0, 0, 0, 0, 0, 0, 0, 0, 0, 0, 0, 0, 0, 0, 0, 0, 0, 0, 0, 0, 0, 0, 0, 0, 0, 
IDA*
 explored_nodes: 98, 206, 121, 72, 389, 95, 1559, 260, 79, 218, 95, 296, 204, 335, 147, 62, 63, 205, 61, 70, 552, 212, 206, 152, 65, 82, 385, 60, 62, 107, 68, 290, 72, 71, 85, 389, 514, 86, 120, 329, 96, 174, 113, 173, 523, 63, 380, 87, 66, 235, 63, 176, 326, 70, 227, 79, 67, 76, 312, 579, 95, 351, 434, 68, 97, 91, 165, 59, 91, 64, 64, 63, 744, 74, 66, 149, 202, 76, 234, 175, 78, 86, 80, 262, 145, 67, 61, 79, 247, 485, 408, 220, 186, 191, 243, 60, 227, 176, 66, 306, 
 suboptimal_solution: 0, 2, 0, 0, 2, 0, 4, 2, 0, 2, 0, 2, 2, 2, 0, 0, 0, 2, 0, 0, 2, 2, 2, 0, 0, 0, 2, 0, 0, 0, 0, 2, 0, 0, 0, 2, 2, 0, 2, 2, 0, 2, 0, 2, 2, 0, 2, 0, 0, 2, 0, 2, 2, 0, 2, 0, 0, 0, 2, 2, 0, 2, 2, 0, 0, 0, 2, 0, 0, 0, 0, 0, 2, 0, 0, 0, 2, 0, 2, 2, 0, 0, 0, 2, 2, 0, 0, 0, 2, 2, 2, 2, 2, 2, 2, 0, 2, 2, 0, 2, 

A* nodes average: 25.27
A* suboptimal average: 0.04
IDA* nodes average: 194.62
IDA* suboptimal average: 0.96

