
------start:------
A*
 explored_nodes: 130, 198, 119, 210, 97, 123, 105, 52, 276, 126, 504, 129, 350, 139, 96, 146, 149, 176, 91, 175, 215, 188, 79, 199, 98, 92, 169, 223, 165, 79, 123, 103, 80, 100, 186, 59, 129, 103, 163, 85, 150, 119, 165, 236, 161, 109, 238, 150, 78, 115, 166, 210, 156, 82, 104, 81, 90, 48, 192, 239, 60, 113, 205, 124, 86, 71, 119, 121, 171, 174, 161, 130, 256, 213, 120, 73, 141, 197, 56, 75, 128, 373, 149, 137, 58, 100, 132, 114, 199, 160, 129, 169, 165, 134, 100, 127, 162, 89, 127, 264, 
 suboptimal_solution: 0, 0, 0, 0, 0, 0, 0, 0, 0, 0, 4, 0, 0, 0, 0, 0, 0, 0, 0, 0, 0, 0, 0, 0, 0, 0, 0, 0, 0, 0, 0, 0, 0, 0, 0, 0, 0, 0, 0, 0, 0, 0, 0, 0, 0, 0, 0, 0, 0, 0, 0, 0, 0, 0, 0, 0, 0, 0, 0, 2, 0, 0, 0, 0, 0, 0, 0, 0, 0, 0, 0, 0, 2, 2, 0, 0, 0, 0, 0, 0, 0, 2, 0, 0, 0, 0, 0, 0, 0, 0, 0, 0, 0, 0, 0, 0, 0, 0, 0, 2, 
IDA*
 explored_nodes: 14547, 12017, 57535, 21814, 16326, 3741, 6146, 2604, 2569, 224838, 5210, 5163, 42326, 30847, 16442, 9828, 41969, 2103, 11931, 22426, 6328, 21590, 6985, 5043, 5288, 118517, 8692, 33466, 1546, 26473, 17538, 7704, 17366, 5712, 51232, 1844, 324469, 96805, 15427, 52941, 6809, 179922, 44989, 12749, 55530, 27051, 96429, 26090, 9961, 23004, 47708, 7577, 5018, 10605, 15462, 62357, 5447, 1807, 2475, 4038, 150433, 4395, 734, 127955, 26921, 13897, 27258, 827624, 25240, 4450, 37876, 5601, 11031, 44576, 5504, 12426, 419247, 567615, 4562, 6623, 3084, 14051, 21841, 12510, 9923, 6881, 2652, 11495, 2513, 37586, 27529, 42030, 11279, 4265, 2307, 40415, 30039, 17792, 41243, 69003, 
 suboptimal_solution: 0, 0, 0, 0, 0, 0, 0, 0, 0, 0, 0, 0, 0, 0, 0, 0, 0, 0, 0, 0, 0, 0, 0, 0, 0, 0, 0, 0, 0, 0, 0, 0, 0, 0, 0, 0, 0, 0, 0, 0, 0, 0, 0, 0, 0, 0, 0, 0, 0, 0, 0, 0, 0, 0, 0, 0, 0, 0, 0, 0, 0, 0, 0, 0, 0, 0, 0, 0, 0, 0, 0, 0, 0, 0, 0, 0, 0, 0, 0, 0, 0, 0, 0, 0, 0, 0, 0, 0, 0, 0, 0, 0, 0, 0, 0, 0, 0, 0, 0, 0, 

A* nodes average: 146.0
A* suboptimal average: 0.14
IDA* nodes average: 47527.82
IDA* suboptimal average: 0.0


------middle:------
A*
 explored_nodes: 170, 138, 110, 121, 312, 137, 135, 95, 156, 80, 65, 183, 219, 165, 98, 121, 169, 204, 109, 157, 108, 129, 120, 117, 133, 86, 131, 191, 133, 98, 101, 110, 81, 85, 113, 87, 169, 140, 133, 97, 107, 136, 154, 196, 112, 106, 102, 93, 77, 109, 95, 80, 172, 71, 81, 197, 129, 123, 94, 83, 210, 96, 139, 85, 121, 56, 124, 125, 110, 129, 74, 152, 120, 93, 124, 69, 106, 130, 128, 84, 90, 72, 103, 210, 81, 89, 119, 70, 85, 109, 139, 58, 110, 73, 133, 115, 141, 131, 75, 135, 
 suboptimal_solution: 0, 0, 0, 0, 2, 0, 0, 0, 0, 0, 0, 0, 0, 0, 0, 0, 0, 0, 0, 0, 0, 0, 0, 0, 0, 0, 0, 0, 0, 0, 0, 0, 0, 0, 0, 0, 2, 0, 0, 0, 0, 0, 0, 0, 0, 0, 0, 0, 0, 0, 0, 0, 0, 0, 0, 0, 0, 0, 0, 0, 2, 0, 0, 0, 0, 0, 0, 0, 0, 0, 0, 0, 0, 0, 0, 0, 0, 0, 0, 0, 0, 0, 0, 0, 0, 0, 0, 0, 0, 0, 0, 0, 0, 0, 0, 0, 0, 0, 0, 0, 
IDA*
 explored_nodes: 138940, 40592, 84726, 9685, 25909, 38670, 875912, 9397, 25131, 3719, 61450, 110542, 97812, 31386, 2294887, 19850, 14629, 6584, 56327, 2801, 4365, 2508, 19703, 80057, 13145, 31449, 21843, 3028, 1260, 13213, 82364, 3473, 10605, 9428, 13607, 6466, 8056, 48706, 52364, 18825, 1405, 11348, 163004, 1677, 18549, 12052, 15561, 4389, 4542, 1323, 9550, 962, 11365, 20709, 627, 53620, 65481, 1682, 86, 9958, 113516, 49243, 11649, 12727, 88262, 740, 229854, 43348, 531423, 10198, 21799, 10262, 61940, 19444, 814, 4195, 655047, 94217, 74853, 4504, 3482, 14446, 4724, 19564, 3561, 61950, 5681, 18818, 3044, 42006, 93688, 3281, 41125, 3733, 8670, 11819, 135411, 16311, 2447, 6979, 
 suboptimal_solution: 0, 0, 0, 0, 0, 0, 0, 0, 0, 0, 0, 0, 0, 0, 0, 0, 0, 0, 0, 0, 0, 0, 0, 0, 0, 0, 0, 0, 0, 0, 0, 0, 0, 0, 0, 0, 0, 0, 0, 0, 0, 0, 0, 0, 0, 0, 0, 0, 0, 0, 0, 0, 0, 0, 0, 0, 0, 0, 0, 0, 0, 0, 0, 0, 0, 0, 0, 0, 0, 0, 0, 0, 0, 0, 0, 0, 0, 0, 0, 0, 0, 0, 0, 0, 0, 0, 0, 0, 0, 0, 0, 0, 0, 0, 0, 0, 0, 0, 0, 0, 

A* nodes average: 120.36
A* suboptimal average: 0.06
IDA* nodes average: 73400.79
IDA* suboptimal average: 0.0


------end:------
A*
 explored_nodes: 40, 39, 35, 65, 37, 53, 41, 40, 51, 43, 46, 34, 43, 39, 46, 44, 50, 65, 47, 45, 48, 60, 43, 67, 40, 43, 39, 44, 37, 39, 39, 61, 36, 38, 54, 36, 42, 39, 44, 49, 51, 38, 37, 35, 39, 40, 44, 46, 39, 60, 46, 46, 42, 40, 39, 48, 33, 43, 40, 46, 37, 49, 48, 37, 33, 30, 34, 40, 37, 58, 38, 54, 38, 37, 43, 41, 40, 46, 40, 54, 36, 51, 66, 37, 44, 33, 41, 56, 38, 39, 48, 43, 49, 53, 43, 38, 54, 57, 38, 40, 
 suboptimal_solution: 0, 0, 0, 0, 0, 0, 0, 0, 0, 0, 0, 0, 0, 0, 0, 0, 0, 0, 0, 0, 0, 0, 0, 0, 0, 0, 0, 0, 0, 0, 0, 0, 0, 0, 0, 0, 0, 0, 0, 0, 0, 0, 0, 0, 0, 0, 0, 0, 0, 0, 0, 0, 0, 0, 0, 0, 0, 0, 0, 0, 0, 0, 0, 0, 0, 0, 0, 0, 0, 0, 0, 0, 0, 0, 0, 0, 0, 0, 0, 0, 0, 0, 0, 0, 0, 0, 0, 0, 0, 0, 0, 0, 0, 0, 0, 0, 0, 0, 0, 0, 
IDA*
 explored_nodes: 202, 1319, 140, 159, 414, 512, 284, 173, 516, 139, 575, 356, 133, 242, 434, 193, 432, 226, 272, 215, 279, 534, 419, 640, 111, 144, 327, 275, 138, 155, 569, 130, 251, 116, 477, 163, 412, 183, 760, 301, 147, 1058, 223, 768, 278, 373, 591, 379, 255, 441, 259, 514, 348, 223, 1594, 226, 262, 498, 125, 1345, 568, 244, 102, 173, 217, 362, 160, 3270, 716, 323, 1010, 164, 133, 304, 761, 170, 1947, 243, 180, 130, 246, 496, 136, 266, 368, 218, 155, 569, 96, 155, 165, 237, 199, 201, 338, 1764, 261, 286, 193, 208, 
 suboptimal_solution: 0, 0, 0, 0, 0, 0, 0, 0, 0, 0, 0, 0, 0, 0, 0, 0, 0, 0, 0, 0, 0, 0, 0, 0, 0, 0, 0, 0, 0, 0, 0, 0, 0, 0, 0, 0, 0, 0, 0, 0, 0, 0, 0, 0, 0, 0, 0, 0, 0, 0, 0, 0, 0, 0, 0, 0, 0, 0, 0, 0, 0, 0, 0, 0, 0, 0, 0, 0, 0, 0, 0, 0, 0, 0, 0, 0, 0, 0, 0, 0, 0, 0, 0, 0, 0, 0, 0, 0, 0, 0, 0, 0, 0, 0, 0, 0, 0, 0, 0, 0, 

A* nodes average: 43.91
A* suboptimal average: 0.0
IDA* nodes average: 409.61
IDA* suboptimal average: 0.0

