
------start:------
A*
 explored_nodes: 33, 47, 68, 38, 49, 46, 94, 46, 89, 65, 67, 129, 39, 43, 36, 60, 30, 81, 94, 107, 51, 40, 66, 100, 73, 38, 31, 49, 46, 84, 28, 59, 29, 83, 25, 38, 40, 62, 46, 31, 40, 54, 34, 52, 97, 53, 45, 37, 81, 79, 51, 28, 57, 34, 32, 42, 46, 58, 82, 78, 39, 51, 66, 58, 68, 51, 44, 53, 35, 23, 128, 36, 65, 34, 34, 33, 77, 36, 29, 29, 37, 60, 139, 28, 46, 81, 65, 71, 46, 59, 42, 43, 26, 41, 41, 58, 39, 50, 57, 100, 
 suboptimal_solution: 0, 0, 0, 2, 0, 0, 6, 0, 0, 0, 0, 4, 2, 2, 0, 0, 2, 8, 0, 4, 0, 2, 4, 0, 0, 2, 0, 0, 4, 0, 0, 4, 0, 2, 0, 0, 0, 8, 0, 4, 0, 2, 0, 4, 6, 2, 4, 0, 4, 4, 0, 0, 0, 2, 0, 0, 2, 0, 4, 6, 0, 0, 2, 0, 4, 0, 0, 0, 0, 0, 2, 2, 2, 2, 2, 0, 0, 0, 0, 0, 0, 2, 0, 0, 0, 4, 2, 0, 4, 4, 2, 4, 0, 0, 0, 6, 0, 0, 2, 4, 
IDA*
 explored_nodes: 67196, 7365, 14156, 1427, 13073, 36505, 25899, 11473, 4136, 3878, 8614, 146422, 5496, 42730, 978, 75618, 377, 10072, 5495, 129904, 17976, 3006, 336, 26565, 6653, 1238, 1509, 7926, 5522, 58965, 1358, 1557, 2165, 8722, 151, 1236, 14004, 829253, 13012, 2004, 7637, 22256, 6162, 11010, 46900, 19741, 3255, 2703, 32499, 230456, 6193, 452, 4788, 4571, 464, 2815, 18924, 2329, 63834, 380969, 3619, 5279, 8773, 6187, 12337, 33499, 4123, 2186, 684, 1844, 20581, 1596, 28711, 1535, 817, 953, 22073, 3564, 2637, 2722, 1536, 845, 6638, 2314, 16969, 34057, 10040, 13626, 121432, 31583, 338, 548, 1063, 728, 1941, 24874, 985, 4200, 5275, 69640, 
 suboptimal_solution: 4, 2, 4, 6, 4, 4, 8, 6, 4, 6, 4, 8, 6, 6, 0, 6, 2, 10, 6, 10, 6, 4, 4, 4, 6, 4, 4, 4, 6, 6, 4, 6, 6, 8, 2, 4, 6, 12, 6, 8, 4, 8, 4, 6, 10, 4, 6, 4, 6, 10, 4, 4, 6, 4, 4, 4, 2, 8, 6, 8, 4, 4, 4, 6, 8, 6, 4, 6, 4, 2, 6, 8, 6, 4, 4, 2, 6, 4, 4, 4, 2, 6, 10, 2, 4, 6, 6, 4, 8, 8, 2, 4, 2, 4, 6, 8, 8, 6, 6, 8, 

A* nodes average: 54.78
A* suboptimal average: 1.5
IDA* nodes average: 29942.82
IDA* suboptimal average: 5.34


------middle:------
A*
 explored_nodes: 31, 25, 44, 39, 26, 52, 33, 22, 36, 31, 56, 32, 26, 47, 35, 46, 26, 80, 43, 33, 91, 28, 70, 23, 53, 40, 64, 35, 38, 25, 38, 90, 27, 63, 38, 30, 38, 54, 30, 25, 32, 33, 26, 70, 44, 25, 30, 34, 44, 89, 34, 27, 23, 45, 30, 34, 25, 78, 27, 52, 34, 43, 27, 62, 32, 27, 62, 26, 40, 45, 33, 40, 41, 27, 40, 23, 30, 38, 27, 41, 40, 50, 37, 48, 25, 35, 90, 40, 32, 33, 33, 52, 60, 48, 29, 45, 60, 55, 27, 31, 
 suboptimal_solution: 2, 0, 0, 0, 0, 0, 2, 0, 2, 0, 2, 0, 0, 4, 0, 0, 2, 4, 2, 2, 6, 2, 4, 0, 0, 4, 2, 0, 0, 0, 0, 8, 2, 4, 0, 0, 0, 0, 0, 0, 0, 0, 0, 0, 0, 0, 0, 0, 6, 8, 2, 0, 0, 0, 2, 0, 0, 4, 0, 0, 2, 4, 0, 4, 2, 2, 8, 0, 2, 0, 0, 2, 0, 0, 2, 0, 0, 0, 0, 0, 2, 2, 0, 6, 0, 0, 4, 6, 0, 0, 0, 4, 0, 0, 0, 0, 0, 0, 0, 0, 
IDA*
 explored_nodes: 246, 534, 18771, 2035, 726, 8610, 586, 272, 3899, 1765, 8876, 624, 7992, 1175, 8546, 1221, 687, 32989, 2231, 3088, 151286, 1250, 27073, 107, 3956, 5244, 3483, 937, 2313, 463, 1826, 774081, 1608, 733500, 440, 1263, 627, 13452, 92, 521, 5236, 780, 2559, 354318, 1134, 532, 975, 327, 32686, 49582, 2954, 1498, 179, 1570, 1414, 4860, 68, 114909, 126, 7614, 397, 2893, 176, 10149, 2487, 4989, 26936, 288, 313, 39477, 2628, 937, 1023, 510, 2761, 337, 387, 1316, 3987, 3934, 12876, 6728, 1265, 5944, 251, 438526, 12783, 3608, 8734, 1488, 2718, 1931, 12050, 795, 256, 563, 9504, 6025, 144, 943, 
 suboptimal_solution: 2, 4, 4, 6, 2, 4, 4, 4, 2, 6, 6, 0, 4, 6, 4, 4, 8, 6, 4, 6, 10, 2, 6, 0, 6, 4, 6, 2, 6, 4, 6, 10, 4, 8, 2, 4, 2, 8, 0, 4, 0, 0, 2, 8, 6, 2, 2, 2, 6, 12, 4, 6, 2, 6, 6, 2, 4, 6, 2, 4, 4, 6, 2, 6, 4, 6, 8, 2, 6, 6, 2, 2, 4, 4, 4, 0, 4, 6, 4, 4, 6, 8, 6, 6, 0, 6, 10, 8, 6, 2, 4, 8, 6, 6, 4, 2, 6, 8, 4, 4, 

A* nodes average: 40.73
A* suboptimal average: 1.28
IDA* nodes average: 30447.73
IDA* suboptimal average: 4.56


------end:------
A*
 explored_nodes: 81, 33, 100, 62, 26, 31, 107, 23, 32, 27, 28, 21, 26, 75, 80, 56, 47, 49, 70, 134, 33, 70, 84, 69, 37, 41, 62, 43, 47, 94, 26, 44, 24, 50, 88, 70, 21, 52, 25, 23, 53, 106, 162, 24, 59, 24, 142, 50, 28, 37, 24, 40, 37, 24, 35, 70, 29, 49, 28, 47, 36, 26, 28, 55, 86, 33, 21, 32, 30, 92, 55, 21, 130, 21, 27, 121, 34, 83, 30, 37, 62, 70, 25, 35, 37, 56, 68, 51, 43, 22, 33, 49, 34, 36, 23, 69, 77, 33, 55, 27, 
 suboptimal_solution: 2, 0, 0, 0, 0, 0, 4, 0, 0, 0, 0, 0, 0, 0, 0, 0, 2, 0, 0, 4, 0, 0, 2, 0, 0, 0, 2, 0, 0, 0, 0, 0, 0, 2, 2, 0, 0, 0, 0, 0, 0, 4, 2, 0, 2, 0, 4, 0, 0, 0, 0, 0, 0, 0, 2, 0, 0, 0, 0, 2, 0, 0, 0, 2, 0, 0, 0, 0, 0, 4, 0, 0, 2, 0, 0, 0, 0, 0, 0, 2, 0, 2, 0, 0, 2, 0, 2, 0, 0, 0, 0, 0, 0, 0, 0, 0, 4, 0, 0, 0, 
IDA*
 explored_nodes: 1568, 2791, 3518, 3453, 820, 267, 7203, 450, 488, 337, 348, 224, 87, 4004, 2583, 2935, 1758, 1750, 1800, 6855, 527, 8636, 5884, 452, 4356, 2340, 2740, 526, 946, 2879, 201, 977, 259, 3747, 2407, 740, 204, 5554, 519, 546, 1426, 6251, 12654, 562, 441, 273, 36946, 15172, 297, 459, 507, 2862, 169, 1110, 115, 5313, 296, 4605, 413, 2452, 175, 148, 604, 3520, 2385, 280, 117, 469, 595, 9080, 748, 251, 7284, 79, 247, 3659, 752, 29177, 528, 1601, 9263, 3073, 54, 3362, 309, 3548, 4227, 4348, 9352, 412, 513, 1213, 486, 550, 196, 977, 4314, 482, 735, 296, 
 suboptimal_solution: 2, 4, 2, 4, 2, 0, 4, 2, 2, 2, 2, 0, 0, 4, 2, 4, 2, 2, 4, 4, 2, 2, 4, 0, 2, 2, 2, 2, 2, 4, 2, 2, 2, 4, 4, 2, 2, 4, 2, 2, 2, 4, 4, 2, 2, 0, 6, 4, 2, 2, 2, 4, 0, 0, 2, 2, 2, 4, 2, 4, 0, 0, 2, 4, 2, 0, 0, 2, 2, 6, 2, 2, 4, 0, 2, 2, 2, 6, 2, 4, 4, 2, 0, 2, 2, 4, 4, 4, 4, 2, 2, 4, 2, 2, 2, 2, 4, 2, 2, 2, 

A* nodes average: 50.82
A* suboptimal average: 0.56
IDA* nodes average: 2894.11
IDA* suboptimal average: 2.42

