
------start:------
A*
 explored_nodes: 16, 19, 16, 16, 19, 18, 17, 16, 17, 18, 16, 16, 17, 18, 18, 16, 16, 16, 16, 16, 16, 18, 17, 16, 18, 17, 18, 17, 16, 16, 16, 16, 17, 17, 18, 16, 17, 16, 16, 16, 16, 16, 16, 19, 17, 17, 16, 16, 17, 16, 17, 17, 22, 17, 18, 16, 18, 18, 16, 18, 16, 17, 18, 16, 18, 16, 16, 16, 18, 17, 18, 17, 16, 16, 20, 18, 16, 17, 17, 16, 16, 16, 17, 17, 16, 18, 17, 17, 17, 17, 17, 16, 17, 19, 17, 17, 17, 16, 17, 19, 
 suboptimal_solution: 0, 0, 0, 0, 0, 0, 0, 0, 0, 0, 0, 0, 0, 0, 0, 0, 0, 0, 0, 0, 0, 0, 0, 0, 0, 0, 0, 0, 0, 0, 0, 0, 0, 0, 0, 0, 0, 0, 0, 0, 0, 0, 0, 0, 0, 0, 0, 0, 0, 0, 0, 0, 0, 0, 0, 0, 0, 0, 0, 0, 0, 0, 0, 0, 0, 0, 0, 0, 0, 0, 0, 0, 0, 0, 0, 0, 0, 0, 0, 0, 0, 0, 0, 0, 0, 0, 0, 0, 0, 0, 0, 0, 0, 0, 0, 0, 0, 0, 0, 0, 
IDA*
 explored_nodes: 39, 42, 32, 46, 32, 32, 30, 32, 31, 41, 35, 36, 32, 39, 37, 35, 37, 37, 32, 32, 30, 32, 31, 30, 48, 34, 44, 34, 34, 32, 37, 49, 33, 50, 39, 32, 36, 52, 37, 43, 47, 38, 33, 41, 39, 40, 44, 31, 38, 39, 41, 37, 48, 40, 48, 43, 42, 43, 33, 34, 48, 35, 54, 37, 43, 29, 33, 45, 46, 26, 50, 44, 41, 29, 34, 34, 30, 30, 33, 33, 29, 47, 35, 36, 36, 56, 41, 32, 36, 35, 36, 31, 44, 62, 39, 40, 39, 41, 33, 32, 
 suboptimal_solution: 0, 0, 0, 0, 0, 0, 0, 0, 0, 0, 0, 0, 0, 0, 0, 0, 0, 0, 0, 0, 0, 0, 0, 0, 0, 0, 0, 0, 0, 0, 0, 0, 0, 0, 0, 0, 0, 0, 0, 0, 0, 0, 0, 0, 0, 0, 0, 0, 0, 0, 0, 0, 0, 0, 0, 0, 0, 0, 0, 0, 0, 0, 0, 0, 0, 0, 0, 0, 0, 0, 0, 0, 0, 0, 0, 0, 0, 0, 0, 0, 0, 0, 0, 0, 0, 0, 0, 0, 0, 0, 0, 0, 0, 0, 0, 0, 0, 0, 0, 0, 

A* nodes average: 16.93
A* suboptimal average: 0.0
IDA* nodes average: 37.99
IDA* suboptimal average: 0.0


------middle:------
A*
 explored_nodes: 17, 16, 16, 17, 17, 16, 18, 18, 17, 19, 16, 17, 19, 18, 18, 16, 16, 16, 17, 16, 17, 18, 16, 18, 17, 16, 16, 17, 17, 16, 16, 18, 16, 19, 17, 16, 16, 17, 17, 16, 17, 16, 17, 17, 18, 17, 16, 16, 17, 17, 16, 19, 17, 16, 17, 16, 16, 16, 16, 19, 18, 16, 17, 17, 16, 17, 16, 16, 16, 17, 16, 16, 16, 25, 19, 17, 18, 17, 16, 19, 16, 16, 16, 18, 18, 16, 16, 16, 18, 17, 16, 17, 17, 18, 16, 16, 16, 17, 17, 17, 
 suboptimal_solution: 0, 0, 0, 0, 0, 0, 0, 0, 0, 0, 0, 0, 0, 0, 0, 0, 0, 0, 0, 0, 0, 0, 0, 0, 0, 0, 0, 0, 0, 0, 0, 0, 0, 0, 0, 0, 0, 0, 0, 0, 0, 0, 0, 0, 0, 0, 0, 0, 0, 0, 0, 0, 0, 0, 0, 0, 0, 0, 0, 0, 0, 0, 0, 0, 0, 0, 0, 0, 0, 0, 0, 0, 0, 0, 0, 0, 0, 0, 0, 0, 0, 0, 0, 0, 0, 0, 0, 0, 0, 0, 0, 0, 0, 0, 0, 0, 0, 0, 0, 0, 
IDA*
 explored_nodes: 41, 33, 33, 45, 36, 30, 37, 32, 31, 34, 34, 46, 34, 43, 30, 32, 35, 41, 35, 38, 30, 43, 31, 33, 42, 31, 34, 55, 32, 32, 33, 46, 32, 37, 39, 39, 39, 41, 39, 32, 45, 31, 36, 26, 39, 39, 34, 35, 34, 30, 38, 44, 36, 37, 59, 44, 36, 35, 30, 35, 43, 48, 55, 47, 42, 32, 38, 33, 30, 35, 34, 43, 37, 35, 40, 30, 36, 34, 35, 31, 31, 39, 36, 33, 32, 30, 37, 30, 41, 39, 32, 33, 49, 29, 39, 37, 37, 50, 41, 29, 
 suboptimal_solution: 0, 0, 0, 0, 0, 0, 0, 0, 0, 0, 0, 0, 0, 0, 0, 0, 0, 0, 0, 0, 0, 0, 0, 0, 0, 0, 0, 0, 0, 0, 0, 0, 0, 0, 0, 0, 0, 0, 0, 0, 0, 0, 0, 0, 0, 0, 0, 0, 0, 0, 0, 0, 0, 0, 0, 0, 0, 0, 0, 0, 0, 0, 0, 0, 0, 0, 0, 0, 0, 0, 0, 0, 0, 0, 0, 0, 0, 0, 0, 0, 0, 0, 0, 0, 0, 0, 0, 0, 0, 0, 0, 0, 0, 0, 0, 0, 0, 0, 0, 0, 

A* nodes average: 16.91
A* suboptimal average: 0.0
IDA* nodes average: 36.85
IDA* suboptimal average: 0.0


------end:------
A*
 explored_nodes: 16, 16, 16, 16, 16, 16, 16, 16, 16, 16, 16, 16, 16, 16, 16, 16, 16, 16, 16, 16, 17, 16, 16, 16, 16, 16, 16, 16, 16, 16, 16, 16, 16, 16, 16, 16, 16, 16, 16, 16, 16, 16, 16, 16, 16, 16, 16, 16, 16, 17, 16, 16, 16, 16, 16, 16, 16, 16, 16, 16, 16, 16, 16, 16, 16, 16, 16, 16, 16, 16, 16, 16, 16, 16, 16, 16, 16, 16, 16, 16, 16, 16, 16, 16, 16, 16, 16, 16, 16, 16, 16, 16, 16, 16, 16, 16, 16, 16, 16, 16, 
 suboptimal_solution: 0, 0, 0, 0, 0, 0, 0, 0, 0, 0, 0, 0, 0, 0, 0, 0, 0, 0, 0, 0, 0, 0, 0, 0, 0, 0, 0, 0, 0, 0, 0, 0, 0, 0, 0, 0, 0, 0, 0, 0, 0, 0, 0, 0, 0, 0, 0, 0, 0, 0, 0, 0, 0, 0, 0, 0, 0, 0, 0, 0, 0, 0, 0, 0, 0, 0, 0, 0, 0, 0, 0, 0, 0, 0, 0, 0, 0, 0, 0, 0, 0, 0, 0, 0, 0, 0, 0, 0, 0, 0, 0, 0, 0, 0, 0, 0, 0, 0, 0, 0, 
IDA*
 explored_nodes: 35, 33, 30, 32, 33, 30, 30, 32, 29, 32, 30, 33, 32, 32, 34, 32, 33, 34, 30, 32, 30, 32, 31, 31, 34, 31, 31, 32, 28, 30, 31, 36, 30, 33, 33, 32, 34, 35, 35, 32, 34, 31, 35, 26, 33, 33, 34, 28, 35, 33, 34, 34, 34, 34, 33, 32, 33, 32, 33, 31, 35, 33, 35, 36, 35, 29, 33, 30, 30, 26, 32, 33, 31, 29, 35, 30, 30, 30, 29, 29, 29, 36, 30, 31, 30, 30, 32, 30, 34, 33, 29, 31, 34, 29, 40, 34, 31, 33, 30, 29, 
 suboptimal_solution: 0, 0, 0, 0, 0, 0, 0, 0, 0, 0, 0, 0, 0, 0, 0, 0, 0, 0, 0, 0, 0, 0, 0, 0, 0, 0, 0, 0, 0, 0, 0, 0, 0, 0, 0, 0, 0, 0, 0, 0, 0, 0, 0, 0, 0, 0, 0, 0, 0, 0, 0, 0, 0, 0, 0, 0, 0, 0, 0, 0, 0, 0, 0, 0, 0, 0, 0, 0, 0, 0, 0, 0, 0, 0, 0, 0, 0, 0, 0, 0, 0, 0, 0, 0, 0, 0, 0, 0, 0, 0, 0, 0, 0, 0, 0, 0, 0, 0, 0, 0, 

A* nodes average: 16.02
A* suboptimal average: 0.0
IDA* nodes average: 31.96
IDA* suboptimal average: 0.0

