
------start:------
A*
 explored_nodes: 19, 20, 19, 23, 18, 18, 17, 22, 24, 16, 23, 22, 21, 22, 21, 25, 17, 19, 20, 21, 23, 24, 25, 19, 22, 20, 26, 21, 19, 26, 17, 18, 20, 22, 30, 24, 23, 23, 20, 22, 19, 19, 16, 18, 20, 19, 18, 19, 19, 20, 21, 20, 16, 19, 20, 21, 16, 21, 18, 25, 17, 24, 17, 19, 20, 24, 18, 26, 19, 19, 21, 20, 16, 19, 25, 19, 18, 21, 19, 20, 18, 24, 19, 22, 24, 19, 19, 18, 19, 16, 18, 16, 18, 24, 25, 17, 25, 19, 16, 17, 
 suboptimal_solution: 0, 0, 0, 0, 0, 0, 0, 0, 0, 0, 0, 0, 0, 0, 0, 0, 0, 0, 0, 0, 0, 0, 0, 0, 0, 0, 0, 0, 0, 0, 0, 0, 0, 0, 0, 0, 0, 0, 0, 0, 0, 0, 0, 0, 0, 0, 0, 0, 0, 0, 0, 0, 0, 0, 0, 0, 0, 0, 0, 0, 0, 0, 0, 0, 0, 0, 0, 0, 0, 0, 0, 0, 0, 0, 0, 0, 0, 0, 0, 0, 0, 0, 0, 0, 0, 0, 0, 0, 0, 0, 0, 0, 0, 0, 0, 0, 0, 0, 0, 0, 
IDA*
 explored_nodes: 73, 63, 47, 80, 115, 68, 76, 98, 107, 41, 143, 62, 102, 213, 148, 518, 62, 52, 65, 135, 165, 92, 54, 57, 101, 57, 120, 112, 101, 71, 54, 94, 92, 91, 207, 85, 154, 43, 82, 133, 107, 143, 76, 30, 67, 45, 48, 93, 56, 55, 55, 106, 52, 91, 84, 109, 55, 62, 44, 107, 60, 211, 32, 80, 147, 85, 76, 154, 78, 107, 81, 43, 49, 61, 73, 79, 39, 33, 48, 31, 45, 102, 61, 195, 145, 53, 58, 39, 117, 33, 68, 46, 76, 249, 50, 35, 100, 76, 44, 40, 
 suboptimal_solution: 2, 0, 0, 0, 2, 2, 0, 2, 2, 0, 2, 0, 2, 2, 2, 4, 2, 0, 0, 2, 2, 0, 0, 0, 0, 0, 2, 0, 0, 0, 0, 2, 2, 2, 2, 2, 2, 2, 2, 0, 2, 2, 2, 0, 2, 2, 2, 2, 2, 0, 0, 2, 0, 2, 0, 2, 0, 0, 0, 0, 2, 2, 0, 2, 2, 2, 2, 0, 0, 2, 0, 0, 2, 0, 2, 2, 2, 0, 2, 0, 0, 2, 0, 2, 2, 0, 0, 2, 2, 0, 0, 2, 0, 2, 0, 0, 2, 0, 2, 0, 

A* nodes average: 20.29
A* suboptimal average: 0.0
IDA* nodes average: 89.17
IDA* suboptimal average: 1.1


------middle:------
A*
 explored_nodes: 17, 17, 21, 18, 17, 23, 19, 19, 19, 16, 16, 18, 18, 19, 18, 24, 18, 18, 21, 19, 18, 23, 20, 18, 18, 21, 18, 17, 17, 24, 21, 17, 16, 18, 17, 17, 17, 22, 20, 18, 21, 18, 21, 31, 23, 18, 19, 17, 23, 23, 19, 16, 17, 18, 17, 21, 18, 19, 17, 26, 19, 18, 18, 16, 21, 17, 19, 21, 18, 19, 21, 16, 16, 22, 16, 17, 23, 21, 17, 18, 25, 19, 18, 17, 20, 18, 24, 17, 21, 18, 23, 22, 25, 18, 19, 23, 18, 20, 19, 17, 
 suboptimal_solution: 0, 0, 0, 0, 0, 0, 0, 0, 0, 0, 0, 0, 0, 0, 0, 0, 0, 0, 0, 0, 0, 0, 0, 0, 0, 0, 0, 0, 0, 0, 0, 0, 0, 0, 0, 0, 0, 0, 0, 0, 0, 0, 0, 0, 0, 0, 0, 0, 0, 0, 0, 0, 0, 0, 0, 0, 0, 0, 0, 0, 0, 0, 0, 0, 0, 0, 0, 0, 0, 0, 0, 0, 0, 0, 0, 0, 0, 0, 0, 0, 0, 0, 0, 0, 0, 0, 0, 0, 0, 0, 0, 0, 0, 0, 0, 0, 0, 0, 0, 0, 
IDA*
 explored_nodes: 89, 51, 59, 40, 27, 246, 232, 82, 68, 38, 35, 41, 39, 77, 49, 169, 52, 69, 90, 79, 42, 83, 43, 64, 36, 185, 45, 61, 39, 89, 112, 46, 35, 43, 78, 43, 37, 36, 116, 40, 60, 50, 77, 32, 107, 41, 83, 48, 69, 241, 71, 48, 33, 65, 46, 79, 37, 52, 38, 200, 43, 37, 57, 43, 66, 48, 42, 51, 56, 54, 68, 31, 76, 168, 48, 56, 124, 38, 31, 31, 195, 47, 131, 53, 59, 76, 239, 51, 59, 42, 108, 55, 51, 55, 83, 31, 63, 72, 48, 35, 
 suboptimal_solution: 0, 0, 0, 2, 0, 2, 2, 2, 0, 2, 0, 0, 0, 2, 0, 2, 0, 0, 2, 2, 0, 2, 0, 0, 0, 2, 0, 2, 0, 0, 2, 0, 0, 0, 0, 0, 0, 0, 2, 0, 0, 0, 2, 0, 2, 0, 2, 0, 2, 2, 2, 0, 0, 2, 2, 2, 0, 0, 0, 2, 0, 0, 0, 0, 2, 0, 0, 0, 0, 0, 2, 0, 0, 2, 0, 0, 2, 0, 0, 0, 4, 0, 2, 0, 2, 2, 2, 2, 0, 0, 0, 2, 0, 2, 0, 0, 0, 0, 2, 0, 

A* nodes average: 19.28
A* suboptimal average: 0.0
IDA* nodes average: 71.03
IDA* suboptimal average: 0.76


------end:------
A*
 explored_nodes: 22, 16, 16, 25, 17, 16, 16, 24, 17, 18, 16, 24, 16, 17, 17, 16, 17, 22, 17, 16, 17, 21, 23, 16, 21, 16, 23, 16, 16, 21, 19, 16, 17, 16, 22, 16, 16, 21, 17, 18, 16, 16, 16, 28, 16, 23, 16, 23, 16, 16, 17, 16, 17, 16, 18, 16, 21, 16, 17, 22, 23, 22, 16, 17, 16, 17, 16, 17, 16, 22, 16, 16, 16, 16, 16, 17, 16, 17, 17, 32, 21, 16, 24, 16, 22, 26, 16, 17, 23, 21, 18, 16, 17, 16, 20, 17, 24, 16, 16, 16, 
 suboptimal_solution: 0, 0, 0, 0, 0, 0, 0, 0, 0, 0, 0, 0, 0, 0, 0, 0, 0, 0, 0, 0, 0, 0, 0, 0, 0, 0, 0, 0, 0, 0, 0, 0, 0, 0, 0, 0, 0, 0, 0, 0, 0, 0, 0, 0, 0, 0, 0, 0, 0, 0, 0, 0, 0, 0, 0, 0, 0, 0, 0, 0, 0, 0, 0, 0, 0, 0, 0, 0, 0, 0, 0, 0, 0, 0, 0, 0, 0, 0, 0, 0, 0, 0, 0, 0, 0, 0, 0, 0, 0, 0, 0, 0, 0, 0, 0, 0, 0, 0, 0, 0, 
IDA*
 explored_nodes: 150, 57, 31, 158, 51, 32, 33, 101, 59, 74, 35, 145, 29, 44, 66, 55, 53, 36, 64, 52, 35, 35, 30, 58, 48, 61, 31, 35, 49, 71, 70, 55, 35, 65, 84, 30, 33, 30, 54, 69, 62, 55, 29, 50, 60, 77, 58, 204, 31, 34, 62, 73, 52, 72, 62, 61, 99, 34, 60, 91, 31, 116, 52, 57, 56, 49, 57, 65, 55, 157, 51, 55, 49, 56, 62, 61, 55, 30, 69, 137, 30, 53, 129, 37, 125, 235, 54, 64, 33, 61, 65, 66, 31, 60, 29, 46, 206, 59, 31, 31, 
 suboptimal_solution: 2, 0, 0, 2, 0, 0, 0, 2, 0, 0, 0, 2, 0, 0, 0, 0, 0, 0, 0, 0, 0, 0, 0, 0, 0, 0, 0, 0, 0, 0, 0, 0, 0, 0, 0, 0, 0, 0, 0, 0, 0, 0, 0, 0, 0, 0, 0, 2, 0, 0, 0, 0, 0, 0, 0, 0, 0, 0, 0, 0, 0, 2, 0, 0, 0, 0, 0, 0, 0, 2, 0, 0, 0, 0, 0, 0, 0, 0, 0, 2, 0, 0, 2, 0, 2, 2, 0, 0, 0, 0, 0, 0, 0, 0, 0, 0, 2, 0, 0, 0, 

A* nodes average: 18.34
A* suboptimal average: 0.0
IDA* nodes average: 63.94
IDA* suboptimal average: 0.24

