
------start:------
A*
 explored_nodes: 20, 19, 20, 18, 19, 21, 27, 16, 16, 24, 28, 16, 18, 17, 20, 24, 19, 16, 23, 23, 19, 19, 26, 16, 29, 21, 17, 26, 19, 20, 22, 20, 19, 24, 23, 18, 26, 24, 16, 23, 24, 21, 52, 25, 27, 18, 20, 24, 17, 21, 23, 26, 19, 18, 20, 25, 19, 29, 26, 25, 27, 22, 17, 23, 17, 30, 18, 17, 22, 26, 24, 19, 29, 23, 24, 25, 19, 22, 22, 28, 27, 18, 20, 18, 20, 17, 19, 19, 19, 31, 19, 36, 25, 18, 18, 20, 16, 21, 21, 16, 
 suboptimal_solution: 0, 0, 0, 0, 0, 0, 0, 0, 0, 4, 0, 0, 0, 0, 0, 0, 0, 0, 0, 0, 0, 0, 2, 0, 0, 0, 0, 0, 0, 0, 0, 0, 0, 0, 0, 0, 0, 0, 0, 0, 4, 0, 6, 0, 4, 0, 2, 0, 0, 2, 0, 0, 0, 0, 0, 2, 0, 0, 0, 0, 0, 0, 0, 0, 0, 0, 0, 0, 0, 0, 0, 0, 2, 0, 0, 4, 0, 0, 0, 4, 2, 0, 0, 0, 0, 0, 0, 0, 0, 0, 0, 4, 0, 0, 0, 0, 0, 0, 0, 0, 
IDA*
 explored_nodes: 99, 98, 118, 76, 118, 112, 529, 171, 53, 732, 750, 42, 104, 339, 152, 269, 66, 68, 363, 265, 62, 122, 118, 54, 162, 356, 63, 323, 110, 90, 212, 81, 83, 402, 173, 141, 440, 294, 196, 483, 175, 136, 2729, 41, 519, 96, 95, 221, 78, 93, 512, 82, 88, 93, 90, 216, 78, 1180, 961, 410, 108, 272, 100, 1347, 58, 853, 101, 98, 540, 209, 880, 64, 246, 246, 243, 811, 74, 271, 123, 624, 1147, 79, 50, 69, 236, 84, 307, 263, 149, 632, 106, 1453, 1403, 273, 71, 230, 68, 121, 73, 51, 
 suboptimal_solution: 4, 2, 6, 8, 2, 6, 4, 4, 6, 6, 6, 2, 6, 4, 6, 4, 4, 4, 6, 6, 4, 4, 6, 2, 4, 6, 4, 4, 4, 6, 4, 4, 4, 6, 6, 6, 8, 6, 6, 6, 6, 4, 12, 8, 6, 6, 6, 6, 2, 6, 6, 4, 4, 2, 4, 6, 4, 8, 10, 6, 4, 4, 4, 6, 4, 8, 4, 4, 4, 6, 6, 2, 6, 4, 4, 6, 8, 6, 6, 8, 6, 4, 4, 4, 6, 4, 4, 8, 8, 10, 4, 10, 8, 6, 4, 6, 2, 4, 6, 2, 

A* nodes average: 21.82
A* suboptimal average: 0.42
IDA* nodes average: 305.15
IDA* suboptimal average: 5.26


------middle:------
A*
 explored_nodes: 18, 29, 20, 20, 16, 19, 17, 17, 30, 17, 25, 19, 20, 16, 17, 22, 19, 16, 16, 25, 17, 21, 16, 21, 19, 30, 24, 16, 17, 18, 16, 17, 16, 19, 20, 27, 18, 22, 17, 18, 16, 22, 22, 23, 21, 19, 22, 17, 23, 21, 17, 18, 21, 17, 16, 27, 26, 17, 26, 16, 22, 20, 19, 23, 17, 17, 21, 29, 21, 34, 16, 16, 17, 16, 16, 21, 21, 20, 21, 20, 21, 20, 32, 17, 19, 17, 17, 16, 16, 19, 26, 17, 17, 19, 47, 20, 16, 28, 18, 17, 
 suboptimal_solution: 0, 0, 0, 0, 0, 2, 0, 0, 4, 0, 0, 0, 0, 0, 0, 0, 0, 0, 0, 4, 0, 0, 0, 0, 0, 0, 0, 0, 0, 0, 0, 0, 0, 0, 0, 0, 0, 0, 0, 0, 0, 0, 0, 2, 0, 0, 0, 0, 0, 2, 0, 0, 0, 0, 0, 2, 2, 0, 0, 0, 0, 2, 0, 4, 0, 0, 4, 0, 0, 0, 0, 0, 0, 0, 0, 0, 0, 0, 0, 0, 2, 0, 6, 0, 0, 0, 0, 0, 0, 0, 0, 0, 0, 0, 0, 0, 0, 0, 0, 0, 
IDA*
 explored_nodes: 88, 529, 177, 241, 37, 77, 65, 82, 1795, 107, 214, 119, 267, 70, 56, 211, 270, 118, 40, 81, 113, 371, 47, 409, 127, 3957, 1374, 75, 57, 75, 41, 76, 54, 195, 143, 244, 130, 208, 60, 56, 136, 263, 157, 76, 129, 76, 316, 72, 156, 98, 90, 115, 85, 113, 144, 149, 168, 52, 203, 50, 61, 90, 155, 189, 89, 57, 146, 366, 95, 344, 37, 48, 82, 35, 56, 65, 99, 117, 228, 65, 66, 54, 1672, 99, 123, 185, 66, 57, 117, 138, 141, 118, 160, 49, 797, 72, 55, 480, 61, 93, 
 suboptimal_solution: 4, 10, 4, 6, 4, 4, 6, 6, 8, 2, 8, 4, 4, 2, 4, 8, 4, 2, 4, 6, 6, 4, 2, 6, 4, 8, 6, 2, 2, 4, 4, 2, 0, 4, 4, 4, 4, 4, 4, 4, 4, 8, 4, 8, 4, 4, 8, 6, 8, 6, 4, 6, 2, 2, 4, 6, 4, 2, 8, 2, 4, 4, 4, 8, 4, 6, 6, 8, 6, 8, 2, 2, 4, 2, 4, 4, 4, 6, 6, 4, 4, 2, 8, 4, 4, 4, 6, 4, 2, 4, 6, 2, 4, 2, 8, 4, 2, 8, 2, 2, 

A* nodes average: 20.2
A* suboptimal average: 0.36
IDA* nodes average: 221.31
IDA* suboptimal average: 4.56


------end:------
A*
 explored_nodes: 17, 16, 16, 17, 21, 34, 28, 18, 16, 25, 20, 16, 24, 16, 29, 16, 21, 17, 16, 28, 16, 18, 16, 28, 16, 25, 29, 18, 16, 28, 17, 17, 25, 16, 17, 29, 17, 17, 16, 19, 26, 25, 25, 34, 16, 31, 27, 18, 22, 18, 21, 24, 31, 18, 17, 17, 28, 18, 19, 16, 17, 23, 43, 19, 18, 19, 17, 16, 28, 22, 18, 24, 22, 23, 16, 17, 18, 16, 23, 20, 35, 16, 23, 19, 18, 17, 28, 19, 16, 20, 25, 26, 16, 20, 16, 25, 32, 19, 34, 22, 
 suboptimal_solution: 0, 0, 0, 0, 0, 0, 0, 0, 0, 0, 0, 0, 0, 0, 0, 0, 0, 0, 0, 2, 0, 0, 0, 0, 0, 0, 0, 0, 0, 0, 0, 0, 0, 0, 0, 0, 0, 0, 0, 0, 0, 2, 0, 0, 0, 0, 2, 0, 0, 0, 0, 0, 0, 0, 0, 0, 0, 0, 0, 0, 0, 0, 0, 0, 0, 0, 0, 0, 0, 0, 0, 0, 0, 0, 0, 0, 0, 0, 0, 0, 2, 0, 0, 0, 0, 0, 0, 0, 0, 0, 0, 0, 0, 0, 0, 0, 2, 0, 0, 0, 
IDA*
 explored_nodes: 70, 53, 62, 56, 268, 277, 324, 111, 68, 311, 218, 75, 149, 85, 122, 139, 140, 109, 51, 645, 122, 129, 56, 440, 52, 156, 862, 192, 55, 755, 113, 183, 1018, 81, 119, 388, 60, 93, 60, 100, 421, 340, 301, 1149, 71, 603, 962, 122, 224, 101, 239, 260, 159, 141, 67, 71, 240, 99, 117, 75, 158, 94, 3030, 87, 176, 153, 56, 52, 666, 361, 53, 269, 383, 177, 63, 102, 53, 65, 330, 389, 1146, 121, 330, 222, 144, 60, 811, 93, 54, 88, 740, 397, 165, 549, 51, 354, 1228, 114, 2842, 50, 
 suboptimal_solution: 0, 0, 2, 0, 4, 2, 2, 2, 0, 2, 4, 2, 2, 0, 2, 2, 2, 2, 2, 4, 2, 2, 2, 4, 0, 2, 4, 2, 2, 4, 2, 2, 4, 2, 2, 4, 2, 2, 2, 2, 4, 4, 4, 4, 2, 4, 4, 2, 2, 2, 2, 2, 2, 2, 0, 2, 4, 2, 2, 2, 2, 2, 4, 2, 2, 2, 2, 2, 4, 4, 2, 4, 2, 2, 2, 2, 2, 2, 4, 4, 4, 2, 4, 2, 2, 2, 4, 2, 0, 2, 4, 4, 2, 4, 0, 4, 4, 2, 6, 0, 

A* nodes average: 21.27
A* suboptimal average: 0.1
IDA* nodes average: 304.05
IDA* suboptimal average: 2.42

