
------start:------
A*
 explored_nodes: 66, 60, 28, 37, 76, 98, 47, 39, 51, 51, 55, 64, 56, 40, 68, 55, 75, 77, 50, 65, 101, 82, 68, 58, 39, 29, 48, 42, 69, 54, 54, 77, 53, 61, 56, 44, 47, 69, 39, 32, 51, 51, 47, 60, 44, 76, 60, 66, 67, 116, 72, 57, 113, 40, 44, 53, 26, 54, 54, 60, 41, 43, 57, 53, 61, 36, 42, 28, 35, 29, 96, 26, 131, 45, 160, 33, 73, 59, 43, 49, 41, 70, 53, 27, 71, 50, 40, 60, 59, 63, 41, 34, 38, 45, 27, 64, 44, 54, 30, 105, 
 suboptimal_solution: 0, 0, 0, 0, 0, 2, 0, 0, 0, 2, 0, 0, 0, 0, 2, 2, 0, 4, 0, 0, 0, 0, 2, 0, 0, 0, 0, 2, 0, 0, 0, 6, 2, 0, 0, 0, 0, 0, 0, 0, 0, 0, 0, 2, 4, 2, 0, 0, 0, 0, 2, 0, 0, 0, 0, 0, 0, 0, 0, 0, 0, 0, 2, 2, 0, 0, 2, 0, 0, 0, 0, 0, 4, 2, 4, 0, 2, 2, 0, 0, 0, 0, 2, 0, 0, 2, 0, 0, 2, 0, 0, 0, 0, 2, 0, 0, 0, 0, 0, 0, 
IDA*
 explored_nodes: 27795, 1359, 664, 1937, 43378, 3051, 10193, 483, 4798, 1711, 11528, 4906, 2906, 13397, 11434, 3948, 11529, 6794, 3531, 1128, 8877, 58055, 1219, 6180, 1585, 182, 10316, 674, 9002, 5721, 4704, 23620, 9281, 20322, 1490, 203, 82413, 37901, 4974, 1478, 27317, 4440, 144563, 42945, 696, 18345, 8022, 125898, 17967, 26437, 9718, 744, 738915, 1868, 1432, 9882, 121, 1620, 21827, 12304, 406, 629, 5067, 8476, 738, 6827, 4601, 196, 1416, 97, 38168, 154, 42351, 4151, 1035495, 751, 398, 1626, 860, 23388, 14463, 1910, 3655, 155, 105126, 2052, 14741, 15507, 3108, 28538, 1260, 741, 8945, 12636, 1407, 16973, 4189, 1917, 459, 19138, 
 suboptimal_solution: 6, 4, 2, 4, 4, 4, 8, 6, 2, 6, 6, 4, 6, 4, 6, 4, 4, 6, 4, 6, 4, 6, 6, 4, 2, 12, 8, 6, 6, 6, 4, 10, 6, 6, 6, 4, 6, 8, 6, 4, 4, 8, 4, 8, 6, 8, 4, 6, 4, 6, 6, 4, 6, 4, 4, 6, 4, 4, 4, 4, 4, 4, 4, 6, 4, 4, 6, 4, 4, 2, 8, 2, 10, 6, 8, 4, 4, 4, 4, 4, 6, 4, 2, 4, 8, 4, 4, 6, 6, 8, 2, 6, 2, 4, 6, 8, 4, 4, 2, 6, 

A* nodes average: 56.47
A* suboptimal average: 0.62
IDA* nodes average: 31024.43
IDA* suboptimal average: 5.12


------middle:------
A*
 explored_nodes: 79, 51, 31, 48, 40, 45, 39, 38, 30, 70, 35, 51, 40, 55, 69, 37, 37, 30, 40, 33, 62, 59, 49, 60, 33, 39, 36, 82, 57, 35, 52, 50, 59, 32, 40, 70, 40, 39, 29, 32, 37, 34, 29, 35, 28, 41, 50, 49, 53, 55, 39, 46, 33, 42, 61, 32, 47, 33, 35, 43, 42, 37, 30, 33, 29, 55, 34, 58, 44, 39, 44, 110, 52, 40, 35, 45, 38, 45, 33, 47, 37, 30, 40, 44, 29, 31, 43, 48, 74, 46, 62, 35, 32, 32, 60, 55, 49, 30, 35, 43, 
 suboptimal_solution: 2, 0, 0, 0, 0, 0, 0, 0, 0, 2, 0, 0, 0, 6, 4, 0, 2, 0, 0, 2, 0, 0, 0, 0, 0, 2, 0, 0, 0, 0, 0, 0, 0, 0, 2, 4, 0, 0, 0, 0, 0, 0, 0, 0, 0, 0, 2, 0, 0, 2, 0, 0, 0, 0, 0, 0, 0, 0, 2, 0, 0, 0, 0, 0, 0, 2, 0, 0, 0, 4, 4, 4, 2, 0, 0, 0, 0, 0, 0, 0, 0, 0, 4, 0, 2, 0, 0, 0, 2, 0, 0, 0, 0, 0, 0, 2, 2, 0, 0, 0, 
IDA*
 explored_nodes: 3881, 1161, 104, 110130, 349, 964, 538, 626, 238, 35796, 2420, 15865, 430, 36426, 331, 260, 31792, 352, 723, 671, 32328, 10643, 2603, 2630, 1242, 6451, 9923, 953, 5381, 516, 8654, 1783, 1365, 78, 299, 6608, 19518, 219, 99, 376, 448, 750, 188, 5013, 192, 374, 2492, 406, 2488, 6644, 733, 16379, 459, 780, 1147, 3002, 4745, 278, 8329, 4388, 4546, 979, 192, 1050, 5724, 2261, 867, 9082, 2286, 2732, 11233, 432783, 826, 1751, 601429, 1490, 960, 289, 761, 3508, 1060, 266, 1948, 5338, 332, 938, 733, 2426, 42497, 3067, 4816, 819, 422, 14775, 16095, 5866, 2851, 382, 2766, 718, 
 suboptimal_solution: 6, 2, 4, 8, 2, 6, 4, 2, 2, 6, 6, 6, 4, 8, 6, 2, 6, 2, 6, 4, 8, 4, 6, 4, 2, 4, 4, 6, 8, 4, 6, 4, 4, 2, 4, 6, 6, 4, 0, 4, 2, 4, 2, 8, 2, 2, 4, 2, 2, 6, 0, 4, 0, 4, 2, 2, 4, 2, 2, 8, 6, 8, 8, 2, 4, 4, 2, 6, 2, 6, 8, 10, 4, 4, 6, 6, 2, 2, 2, 4, 4, 4, 4, 6, 4, 0, 8, 2, 6, 8, 6, 4, 2, 4, 6, 6, 8, 4, 4, 4, 

A* nodes average: 44.2
A* suboptimal average: 0.6
IDA* nodes average: 16068.25
IDA* suboptimal average: 4.34


------end:------
A*
 explored_nodes: 99, 53, 34, 37, 32, 51, 54, 162, 80, 75, 51, 57, 85, 45, 66, 96, 117, 36, 43, 60, 40, 83, 43, 27, 86, 48, 86, 56, 64, 61, 27, 50, 76, 48, 59, 42, 46, 41, 34, 44, 59, 44, 118, 38, 59, 40, 62, 37, 47, 91, 40, 51, 37, 51, 68, 38, 57, 36, 71, 48, 48, 43, 58, 74, 46, 100, 41, 61, 25, 35, 32, 38, 30, 59, 41, 52, 126, 64, 63, 137, 29, 64, 155, 75, 99, 74, 44, 42, 97, 28, 40, 35, 37, 50, 40, 91, 42, 37, 28, 46, 
 suboptimal_solution: 2, 0, 0, 0, 0, 0, 0, 4, 0, 2, 0, 0, 4, 0, 2, 0, 2, 0, 0, 2, 0, 0, 0, 0, 0, 0, 0, 0, 2, 0, 0, 0, 0, 0, 0, 0, 0, 0, 0, 0, 0, 0, 2, 0, 2, 0, 0, 0, 0, 0, 0, 2, 0, 0, 2, 2, 0, 0, 2, 0, 0, 0, 0, 0, 0, 2, 0, 0, 0, 0, 0, 0, 0, 0, 0, 0, 2, 0, 0, 0, 0, 0, 2, 0, 0, 0, 0, 0, 2, 0, 0, 0, 0, 0, 0, 2, 0, 0, 0, 0, 
IDA*
 explored_nodes: 3114, 1143, 242, 726, 282, 2214, 1148, 84067, 802, 1423, 1955, 1328, 26919, 822, 4120, 4891, 10047, 247, 405, 1157, 295, 14751, 1079, 138, 986, 696, 8515, 780, 3984, 798, 234, 4812, 1225, 664, 1128, 262, 979, 157, 172, 457, 500, 1076, 7225, 400, 960, 296, 3788, 142, 294, 14612, 497, 1688, 446, 3581, 788, 534, 175, 248, 203, 345, 1286, 393, 252, 1806, 172, 1914, 841, 4817, 164, 365, 342, 319, 209, 826, 356, 4112, 2424, 3384, 2284, 13775, 119, 1808, 10355, 6761, 3293, 1937, 401, 1140, 4727, 154, 349, 305, 322, 468, 269, 8689, 445, 137, 107, 7162, 
 suboptimal_solution: 4, 2, 2, 2, 2, 4, 4, 8, 2, 4, 4, 2, 6, 4, 4, 4, 4, 2, 2, 2, 2, 6, 4, 2, 4, 2, 6, 2, 4, 4, 2, 4, 2, 2, 4, 2, 2, 0, 2, 2, 4, 4, 6, 2, 4, 2, 4, 2, 2, 4, 2, 4, 2, 4, 2, 4, 2, 2, 2, 2, 4, 2, 2, 2, 0, 4, 2, 4, 0, 2, 2, 2, 2, 2, 2, 4, 4, 4, 4, 6, 2, 4, 6, 4, 4, 2, 2, 4, 4, 2, 2, 2, 2, 4, 2, 4, 2, 2, 0, 4, 

A* nodes average: 58.12
A* suboptimal average: 0.42
IDA* nodes average: 3159.51
IDA* suboptimal average: 2.98

