
------start:------
A*
 explored_nodes: 39, 20, 27, 20, 25, 23, 24, 43, 20, 22, 25, 21, 26, 20, 27, 29, 25, 26, 23, 28, 25, 46, 26, 26, 35, 24, 22, 33, 19, 20, 21, 18, 24, 26, 25, 24, 23, 23, 24, 22, 22, 32, 29, 37, 27, 31, 29, 25, 26, 61, 30, 25, 27, 22, 26, 24, 20, 20, 28, 31, 19, 25, 23, 32, 25, 21, 21, 27, 38, 32, 24, 48, 18, 21, 23, 21, 21, 24, 19, 25, 24, 22, 21, 31, 18, 29, 22, 27, 29, 28, 21, 40, 29, 21, 20, 29, 32, 22, 22, 29, 
 suboptimal_solution: 2, 0, 0, 0, 0, 0, 0, 0, 0, 0, 0, 0, 0, 0, 0, 0, 0, 0, 0, 0, 0, 0, 0, 0, 0, 0, 0, 0, 0, 0, 0, 0, 0, 0, 0, 0, 0, 0, 0, 0, 0, 0, 0, 0, 0, 0, 0, 0, 0, 2, 0, 0, 0, 0, 0, 0, 0, 0, 0, 0, 0, 0, 0, 0, 0, 0, 0, 0, 0, 0, 0, 0, 0, 0, 0, 0, 0, 0, 0, 0, 0, 0, 0, 0, 0, 2, 0, 0, 0, 0, 0, 0, 2, 0, 0, 0, 0, 0, 0, 0, 
IDA*
 explored_nodes: 206, 101, 372, 47, 251, 148, 606, 272, 72, 60, 32927, 73, 43, 108, 1398, 1339, 208, 230, 106, 379, 369, 3799, 293, 165, 284, 282, 348, 1673, 99, 69, 948, 54, 274, 205, 213, 176, 241, 70, 315, 79, 172, 534, 944, 232, 267, 446, 211, 170, 145, 924, 771, 234, 379, 130, 344, 183, 110, 87, 179, 484, 63, 159, 255, 1629, 417, 102, 285, 147, 342, 380, 151, 811, 57, 98, 100, 754, 176, 92, 103, 117, 630, 315, 68, 571, 97, 310, 158, 274, 169, 1288, 67, 1121, 1166, 152, 92, 117, 230, 201, 544, 814, 
 suboptimal_solution: 4, 2, 4, 2, 4, 2, 2, 4, 0, 2, 8, 0, 2, 4, 2, 6, 2, 0, 0, 2, 2, 4, 2, 2, 2, 2, 2, 4, 2, 2, 2, 0, 2, 2, 2, 2, 2, 2, 2, 2, 4, 4, 4, 2, 4, 2, 2, 2, 2, 4, 4, 2, 6, 2, 4, 2, 2, 0, 0, 2, 0, 0, 0, 4, 2, 2, 2, 0, 2, 4, 2, 4, 4, 4, 2, 2, 4, 2, 0, 2, 4, 2, 2, 4, 2, 4, 0, 2, 2, 4, 2, 4, 4, 2, 2, 2, 2, 2, 4, 4, 

A* nodes average: 26.14
A* suboptimal average: 0.08
IDA* nodes average: 704.7
IDA* suboptimal average: 2.44


------middle:------
A*
 explored_nodes: 30, 21, 22, 22, 29, 20, 21, 18, 30, 22, 23, 21, 28, 32, 22, 23, 23, 17, 26, 22, 20, 25, 23, 27, 22, 24, 24, 23, 21, 29, 26, 24, 20, 19, 21, 25, 22, 23, 36, 29, 23, 25, 27, 19, 23, 26, 23, 24, 17, 21, 19, 23, 24, 30, 22, 21, 24, 24, 23, 20, 30, 19, 19, 23, 27, 28, 18, 30, 32, 21, 25, 16, 19, 21, 27, 27, 26, 21, 27, 32, 26, 20, 22, 30, 30, 20, 24, 21, 17, 30, 29, 22, 32, 21, 19, 22, 24, 28, 26, 17, 
 suboptimal_solution: 0, 0, 0, 0, 0, 0, 0, 0, 2, 0, 0, 0, 0, 0, 0, 0, 0, 0, 0, 0, 0, 0, 0, 2, 0, 0, 0, 0, 0, 0, 0, 0, 0, 0, 0, 0, 0, 0, 0, 0, 2, 0, 0, 0, 0, 0, 0, 0, 0, 0, 0, 0, 0, 0, 0, 0, 0, 0, 0, 0, 0, 0, 0, 0, 0, 0, 0, 0, 0, 0, 0, 0, 0, 0, 0, 0, 0, 0, 0, 0, 0, 0, 0, 0, 0, 0, 0, 0, 0, 0, 0, 0, 0, 0, 0, 0, 0, 0, 2, 0, 
IDA*
 explored_nodes: 589, 113, 70, 153, 89, 139, 71, 216, 1356, 135, 730, 96, 69, 308, 59, 146, 92, 73, 440, 63, 100, 224, 83, 168, 298, 114, 175, 129, 189, 715, 184, 148, 101, 57, 261, 505, 135, 58, 133, 68, 551, 233, 83, 77, 119, 283, 240, 123, 50, 83, 97, 249, 2355, 3058, 99, 115, 77, 232, 133, 133, 96, 87, 87, 345, 225, 328, 45, 132, 554, 85, 844, 47, 195, 70, 147, 375, 178, 36, 182, 661, 566, 115, 96, 1318, 169, 81, 179, 79, 86, 120, 100, 162, 252, 209, 87, 74, 98, 422, 917, 53, 
 suboptimal_solution: 6, 2, 0, 2, 2, 2, 0, 2, 4, 0, 4, 0, 0, 4, 0, 2, 2, 0, 2, 0, 0, 2, 2, 4, 2, 4, 2, 0, 2, 2, 4, 2, 2, 0, 4, 2, 2, 0, 2, 0, 4, 4, 2, 0, 2, 2, 2, 2, 0, 2, 0, 2, 4, 6, 2, 2, 2, 2, 2, 0, 0, 2, 2, 2, 2, 2, 2, 2, 4, 2, 4, 0, 0, 0, 2, 4, 2, 2, 4, 2, 2, 2, 2, 4, 2, 2, 2, 0, 0, 2, 2, 2, 4, 0, 0, 2, 2, 4, 4, 0, 

A* nodes average: 23.81
A* suboptimal average: 0.08
IDA* nodes average: 271.44
IDA* suboptimal average: 1.92


------end:------
A*
 explored_nodes: 24, 28, 20, 24, 21, 23, 27, 18, 23, 17, 19, 22, 20, 20, 27, 17, 22, 20, 20, 26, 26, 40, 28, 24, 28, 28, 43, 19, 24, 18, 20, 18, 23, 22, 36, 19, 29, 24, 27, 22, 19, 21, 28, 30, 18, 23, 19, 25, 30, 21, 20, 27, 17, 30, 26, 20, 31, 22, 21, 27, 19, 18, 21, 22, 20, 25, 16, 20, 24, 21, 19, 23, 19, 22, 21, 20, 21, 18, 18, 24, 25, 20, 22, 23, 20, 22, 21, 24, 36, 26, 25, 24, 22, 20, 36, 26, 18, 25, 20, 39, 
 suboptimal_solution: 0, 0, 0, 0, 0, 0, 0, 0, 0, 0, 0, 0, 0, 0, 0, 0, 0, 0, 0, 0, 0, 0, 0, 0, 0, 0, 0, 0, 0, 0, 0, 0, 0, 0, 0, 0, 0, 0, 0, 0, 0, 0, 0, 0, 0, 0, 0, 0, 0, 0, 0, 0, 0, 0, 0, 0, 0, 0, 0, 0, 0, 0, 0, 0, 0, 0, 0, 0, 0, 0, 0, 0, 0, 0, 0, 0, 0, 0, 0, 0, 0, 0, 0, 0, 0, 0, 0, 0, 0, 0, 0, 0, 0, 0, 0, 0, 0, 0, 0, 0, 
IDA*
 explored_nodes: 141, 113, 89, 112, 104, 588, 162, 47, 163, 70, 58, 177, 154, 60, 886, 62, 398, 62, 113, 124, 177, 1869, 73, 222, 163, 430, 1347, 147, 232, 52, 72, 51, 165, 88, 213, 61, 156, 63, 53, 91, 100, 96, 416, 102, 91, 79, 180, 274, 549, 54, 73, 353, 41, 457, 113, 58, 104, 255, 50, 114, 74, 63, 42, 123, 147, 115, 81, 95, 603, 71, 123, 120, 117, 147, 65, 65, 47, 56, 89, 163, 136, 117, 92, 123, 76, 118, 62, 139, 167, 86, 87, 174, 170, 154, 76, 106, 42, 193, 114, 497, 
 suboptimal_solution: 4, 2, 0, 2, 2, 2, 2, 2, 2, 0, 0, 2, 2, 2, 2, 0, 2, 0, 2, 2, 2, 4, 0, 2, 0, 2, 4, 2, 2, 0, 0, 0, 4, 0, 2, 0, 2, 0, 0, 2, 2, 2, 2, 2, 0, 0, 2, 2, 4, 0, 0, 2, 0, 2, 0, 2, 2, 2, 2, 0, 0, 2, 0, 2, 2, 2, 0, 0, 2, 2, 0, 2, 2, 2, 2, 0, 0, 2, 2, 2, 2, 2, 2, 2, 0, 2, 2, 2, 2, 0, 0, 2, 2, 0, 2, 2, 0, 2, 0, 2, 

A* nodes average: 23.36
A* suboptimal average: 0.0
IDA* nodes average: 181.02
IDA* suboptimal average: 1.42

