
------start:------
A*
 explored_nodes: 95, 106, 86, 51, 113, 94, 120, 144, 226, 81, 108, 108, 67, 93, 137, 58, 107, 115, 64, 107, 77, 139, 49, 85, 80, 79, 58, 80, 104, 95, 104, 112, 122, 99, 77, 116, 153, 52, 69, 67, 169, 64, 67, 156, 75, 61, 79, 196, 96, 80, 153, 96, 147, 112, 126, 193, 50, 191, 206, 69, 46, 133, 74, 55, 59, 122, 77, 91, 59, 91, 88, 249, 178, 90, 142, 93, 81, 110, 144, 178, 99, 150, 59, 62, 191, 48, 106, 110, 48, 111, 60, 199, 67, 162, 134, 97, 116, 53, 63, 67, 
 suboptimal_solution: 0, 2, 2, 2, 0, 0, 2, 2, 4, 2, 2, 0, 0, 0, 4, 2, 0, 2, 0, 2, 10, 2, 0, 0, 0, 4, 0, 0, 2, 2, 2, 4, 0, 2, 0, 4, 2, 2, 0, 2, 0, 0, 0, 0, 0, 0, 0, 4, 2, 2, 0, 0, 0, 2, 0, 0, 0, 4, 2, 0, 2, 10, 0, 2, 0, 4, 0, 2, 0, 0, 0, 4, 6, 2, 2, 2, 0, 0, 2, 2, 0, 2, 2, 0, 0, 0, 2, 0, 0, 4, 0, 2, 0, 4, 0, 4, 6, 2, 0, 0, 
IDA*
 explored_nodes: 262446, 115126, 130994, 1512, 331351, 1298856, 55141, 659744, 11864978, 17211, 26854, 64814, 145119, 110265, 18894, 8545, 13037, 99170, 10657, 126393, 1827587, 255313, 1671, 8177, 115349, 96802, 68854, 13174, 980973, 9589, 239223, 13274, 45530, 20998, 10192, 65757, 75480, 157235, 49766, 34094, 152060, 69899, 10871, 920548, 15435, 18033, 90803, 117727, 141587, 88767, 331083, 11074, 243885, 194683, 568180, 194486, 9771, 281787, 608267, 8330, 1712, 57889, 13006, 8102, 549, 364107, 11650, 150874, 7405, 287670, 28701, 202437, 340228, 27867, 50233, 16815, 177129, 48926, 102018, 147862, 17315, 397871, 7235, 10972, 70395, 20517, 299158, 24977, 22956, 163647, 14730, 258261, 10903, 47864, 25389, 32108, 111924, 240396, 8461, 5713, 
 suboptimal_solution: 6, 6, 6, 4, 8, 10, 6, 6, 8, 6, 4, 4, 6, 4, 6, 6, 4, 8, 4, 8, 10, 8, 2, 8, 4, 8, 6, 4, 8, 4, 6, 8, 8, 6, 2, 6, 6, 8, 6, 6, 6, 4, 10, 8, 8, 6, 4, 6, 8, 8, 8, 4, 8, 8, 4, 8, 6, 10, 8, 4, 4, 10, 8, 6, 8, 6, 4, 4, 6, 10, 4, 8, 10, 6, 6, 4, 4, 4, 4, 8, 4, 6, 6, 2, 6, 4, 4, 6, 6, 6, 4, 8, 4, 8, 6, 6, 6, 6, 4, 4, 

A* nodes average: 104.45
A* suboptimal average: 1.5
IDA* nodes average: 273633.93
IDA* suboptimal average: 6.1


------middle:------
A*
 explored_nodes: 52, 69, 83, 135, 66, 48, 79, 96, 41, 93, 53, 115, 41, 92, 52, 53, 41, 29, 78, 33, 62, 74, 82, 75, 69, 79, 46, 48, 115, 101, 60, 134, 65, 53, 45, 58, 96, 48, 59, 81, 45, 84, 61, 57, 67, 80, 59, 55, 110, 107, 139, 55, 63, 68, 67, 63, 80, 84, 72, 51, 59, 64, 70, 59, 36, 37, 53, 84, 90, 99, 92, 95, 52, 54, 102, 57, 48, 49, 39, 100, 42, 131, 67, 65, 68, 48, 74, 81, 87, 46, 84, 94, 44, 50, 47, 55, 99, 62, 48, 112, 
 suboptimal_solution: 2, 6, 2, 4, 2, 0, 0, 2, 2, 2, 0, 4, 0, 2, 0, 0, 0, 0, 4, 2, 0, 2, 2, 0, 2, 4, 0, 2, 2, 2, 0, 2, 0, 2, 0, 0, 2, 2, 0, 0, 0, 2, 4, 0, 0, 4, 0, 0, 2, 4, 6, 4, 2, 4, 4, 0, 2, 6, 0, 0, 0, 2, 4, 2, 0, 0, 0, 4, 2, 4, 0, 2, 2, 2, 0, 0, 2, 0, 0, 2, 0, 4, 0, 0, 0, 2, 2, 2, 0, 2, 2, 4, 0, 0, 0, 0, 0, 0, 0, 4, 
IDA*
 explored_nodes: 705, 130663, 14540, 21170, 2624, 6101, 10770, 71143, 874, 71358, 3044, 85724, 1606, 19518, 305, 1200, 835, 323, 28420, 2292, 3310, 24706, 2084, 66114, 19994, 1846, 22641, 2574, 48703, 17554, 7949, 51488, 41509, 745, 494, 3452, 6814, 2263, 1710, 3125, 615, 1994, 246075, 8254, 2898, 8951, 57910, 1170, 121418, 19694, 20603, 39000, 8600, 2315, 24323, 16129, 1376517, 26254, 4169, 542, 4603, 13681, 22372, 3664, 4453, 1562, 15218, 25974, 89303, 6735, 7814, 55266, 4236, 16892, 58570, 21654, 13383, 1238, 4407, 68657, 5495, 123562, 13719, 29226, 1207, 3677, 7787, 89210, 54574, 2791, 73007, 6338, 20465, 3272, 742, 186758, 34743, 5778, 105846, 41403, 
 suboptimal_solution: 6, 6, 8, 6, 6, 6, 2, 8, 4, 4, 6, 4, 4, 8, 0, 2, 8, 2, 6, 4, 6, 4, 2, 6, 4, 8, 2, 4, 6, 6, 4, 4, 6, 8, 4, 4, 4, 4, 6, 2, 2, 12, 6, 4, 2, 6, 6, 2, 6, 6, 6, 4, 6, 6, 8, 6, 4, 6, 2, 2, 2, 6, 8, 6, 6, 0, 6, 8, 4, 8, 4, 8, 4, 4, 8, 2, 6, 2, 6, 6, 4, 8, 4, 10, 4, 4, 6, 6, 6, 6, 8, 4, 4, 4, 4, 4, 4, 4, 6, 8, 

A* nodes average: 70.09
A* suboptimal average: 1.52
IDA* nodes average: 40390.03
IDA* suboptimal average: 5.08


------end:------
A*
 explored_nodes: 263, 89, 108, 161, 109, 140, 228, 69, 127, 457, 42, 268, 214, 283, 155, 96, 135, 394, 317, 344, 271, 216, 187, 363, 286, 129, 95, 221, 139, 150, 255, 84, 155, 116, 153, 212, 137, 89, 184, 130, 226, 524, 274, 76, 109, 374, 107, 89, 85, 164, 257, 152, 72, 227, 119, 64, 403, 253, 201, 133, 130, 228, 111, 155, 70, 102, 148, 120, 63, 304, 166, 88, 157, 192, 153, 91, 105, 102, 142, 68, 105, 106, 50, 87, 315, 240, 71, 63, 96, 115, 246, 44, 247, 114, 154, 127, 154, 391, 64, 447, 
 suboptimal_solution: 0, 0, 0, 0, 0, 0, 0, 0, 2, 0, 0, 0, 0, 2, 0, 0, 0, 2, 0, 2, 2, 0, 0, 0, 2, 0, 0, 0, 2, 0, 0, 0, 0, 0, 0, 0, 0, 0, 2, 0, 2, 0, 0, 0, 0, 2, 0, 0, 0, 0, 0, 2, 0, 0, 0, 0, 4, 0, 0, 0, 0, 2, 0, 2, 0, 0, 0, 2, 0, 4, 0, 0, 0, 0, 2, 0, 0, 0, 0, 0, 0, 0, 0, 0, 0, 0, 0, 0, 0, 0, 0, 0, 0, 0, 0, 0, 2, 2, 0, 0, 
IDA*
 explored_nodes: 4751, 34360, 14291, 6201, 12388, 3127, 4451, 345, 3726, 27709, 865, 5766, 135773, 25605, 4719, 1785, 2556, 15562, 58744, 17983, 9402, 11330, 4833, 33001, 27798, 3066, 16909, 4439, 2352, 3549, 146537, 619, 27601, 8297, 105988, 113909, 7627, 1156, 4061, 19624, 93942, 218422, 12418, 11760, 5736, 19309, 2299, 2591, 1305, 4586, 10926, 3488, 6218, 19183, 6377, 529, 59302, 19980, 8616, 18592, 3039, 20581, 4739, 1409, 782, 1514, 3627, 6371, 764, 15973, 16151, 1013, 10811, 7687, 7440, 1050, 1104, 4467, 1943, 900, 3561, 5034, 464, 1349, 4240, 27486, 389, 489, 1916, 6191, 16718, 752, 8401, 5395, 12760, 24668, 6208, 45421, 223, 42902, 
 suboptimal_solution: 2, 2, 4, 2, 4, 2, 2, 0, 4, 4, 2, 2, 2, 4, 2, 2, 2, 4, 4, 4, 4, 2, 2, 4, 4, 2, 4, 2, 2, 2, 6, 0, 4, 2, 4, 6, 4, 2, 2, 2, 4, 4, 4, 2, 2, 4, 2, 2, 2, 2, 4, 2, 4, 4, 4, 2, 6, 4, 2, 4, 2, 4, 4, 2, 2, 2, 2, 4, 2, 4, 4, 2, 4, 2, 2, 0, 2, 0, 2, 2, 2, 2, 0, 2, 2, 4, 0, 2, 2, 2, 4, 2, 2, 2, 4, 4, 4, 4, 0, 4, 

A* nodes average: 174.11
A* suboptimal average: 0.42
IDA* nodes average: 17843.16
IDA* suboptimal average: 2.74

