
------start:------
A*
 explored_nodes: 16, 16, 21, 19, 19, 21, 22, 17, 18, 16, 21, 20, 20, 16, 18, 23, 17, 19, 18, 20, 19, 20, 16, 20, 24, 19, 22, 23, 20, 17, 16, 18, 19, 20, 18, 22, 18, 17, 19, 22, 18, 18, 21, 23, 19, 20, 20, 25, 18, 18, 19, 31, 18, 21, 18, 17, 17, 22, 18, 22, 19, 22, 25, 18, 17, 18, 20, 20, 19, 18, 16, 17, 17, 19, 24, 18, 17, 19, 29, 23, 26, 20, 19, 17, 18, 24, 18, 19, 24, 22, 22, 19, 26, 23, 21, 19, 25, 20, 16, 23, 
 suboptimal_solution: 0, 0, 0, 0, 0, 0, 0, 0, 0, 0, 0, 0, 0, 0, 0, 0, 0, 0, 0, 0, 0, 0, 0, 0, 0, 0, 0, 0, 0, 0, 0, 0, 0, 0, 0, 0, 0, 0, 0, 0, 0, 0, 0, 0, 0, 0, 0, 0, 0, 0, 0, 0, 0, 0, 0, 0, 0, 0, 0, 0, 0, 0, 0, 0, 0, 0, 0, 0, 0, 0, 0, 0, 0, 0, 0, 0, 0, 0, 2, 0, 0, 0, 0, 0, 0, 0, 0, 0, 0, 0, 0, 0, 0, 0, 0, 0, 0, 0, 0, 0, 
IDA*
 explored_nodes: 49, 50, 195, 49, 75, 420, 101, 40, 75, 37, 80, 86, 38, 41, 77, 375, 40, 77, 77, 121, 55, 92, 48, 85, 75, 78, 61, 119, 128, 92, 76, 90, 57, 60, 95, 118, 76, 80, 196, 55, 68, 54, 128, 104, 49, 82, 105, 281, 46, 82, 113, 286, 64, 447, 78, 92, 50, 92, 65, 84, 53, 60, 149, 458, 68, 59, 106, 105, 75, 69, 44, 59, 54, 45, 264, 72, 134, 71, 229, 91, 231, 65, 122, 61, 53, 95, 93, 62, 163, 78, 130, 88, 96, 158, 61, 68, 543, 68, 45, 203, 
 suboptimal_solution: 2, 2, 6, 2, 2, 4, 4, 4, 2, 2, 4, 4, 2, 2, 2, 6, 2, 2, 2, 4, 2, 2, 2, 4, 2, 2, 2, 4, 4, 2, 2, 2, 2, 2, 4, 4, 4, 4, 4, 2, 2, 2, 4, 2, 4, 4, 2, 4, 4, 2, 6, 6, 2, 6, 2, 6, 2, 2, 2, 4, 4, 4, 4, 4, 2, 2, 4, 2, 4, 2, 2, 2, 2, 2, 4, 2, 4, 4, 4, 2, 4, 2, 4, 2, 4, 4, 2, 2, 4, 4, 4, 4, 2, 6, 2, 2, 4, 4, 4, 4, 

A* nodes average: 19.85
A* suboptimal average: 0.02
IDA* nodes average: 109.57
IDA* suboptimal average: 3.12


------middle:------
A*
 explored_nodes: 18, 16, 17, 19, 19, 16, 19, 21, 16, 19, 20, 21, 19, 17, 21, 17, 24, 20, 19, 18, 22, 25, 24, 23, 27, 16, 18, 16, 18, 18, 22, 20, 16, 17, 17, 19, 19, 20, 18, 19, 25, 18, 17, 16, 16, 19, 18, 17, 18, 18, 19, 18, 18, 17, 22, 16, 16, 17, 19, 22, 20, 16, 17, 16, 17, 18, 19, 23, 19, 21, 17, 22, 19, 26, 18, 17, 19, 21, 16, 21, 19, 20, 16, 21, 17, 21, 16, 19, 17, 17, 18, 19, 24, 16, 19, 19, 18, 23, 20, 17, 
 suboptimal_solution: 0, 0, 0, 0, 0, 0, 0, 0, 0, 0, 0, 2, 0, 0, 0, 0, 0, 0, 0, 0, 2, 0, 0, 0, 0, 0, 0, 0, 0, 0, 0, 0, 0, 0, 0, 0, 0, 0, 0, 0, 0, 0, 0, 0, 0, 0, 0, 0, 0, 0, 0, 0, 0, 0, 0, 0, 0, 0, 0, 0, 0, 0, 0, 0, 0, 0, 0, 0, 0, 0, 0, 0, 0, 0, 0, 0, 0, 0, 0, 0, 0, 0, 0, 2, 0, 2, 0, 2, 0, 0, 0, 0, 0, 0, 0, 0, 0, 0, 0, 0, 
IDA*
 explored_nodes: 64, 58, 56, 74, 104, 36, 88, 82, 60, 72, 57, 48, 80, 36, 174, 56, 388, 82, 116, 117, 80, 202, 95, 414, 67, 54, 55, 106, 89, 68, 483, 111, 37, 58, 71, 69, 42, 82, 46, 124, 328, 71, 59, 41, 52, 70, 59, 98, 70, 54, 95, 66, 74, 77, 189, 59, 38, 62, 74, 91, 60, 39, 69, 59, 70, 69, 84, 126, 96, 457, 58, 151, 102, 916, 81, 55, 160, 119, 61, 137, 36, 107, 56, 128, 69, 155, 52, 82, 80, 42, 62, 87, 146, 73, 53, 42, 51, 285, 62, 46, 
 suboptimal_solution: 2, 2, 2, 2, 4, 0, 2, 4, 2, 4, 2, 4, 4, 2, 4, 2, 6, 2, 2, 4, 4, 4, 2, 6, 2, 2, 2, 2, 0, 2, 8, 6, 2, 4, 4, 4, 2, 4, 2, 4, 6, 4, 2, 2, 0, 2, 2, 4, 2, 2, 4, 2, 4, 4, 4, 0, 0, 2, 4, 2, 2, 2, 2, 2, 2, 2, 4, 4, 2, 6, 2, 4, 4, 6, 4, 2, 4, 4, 2, 4, 2, 4, 2, 4, 4, 6, 2, 4, 2, 2, 2, 4, 4, 2, 4, 2, 2, 4, 2, 2, 

A* nodes average: 18.94
A* suboptimal average: 0.1
IDA* nodes average: 106.11
IDA* suboptimal average: 2.98


------end:------
A*
 explored_nodes: 19, 18, 18, 16, 17, 21, 18, 18, 19, 20, 18, 21, 18, 19, 22, 18, 17, 30, 17, 18, 16, 18, 19, 22, 22, 16, 20, 19, 20, 24, 20, 17, 18, 18, 28, 16, 22, 16, 21, 19, 18, 30, 17, 27, 28, 25, 17, 20, 20, 16, 17, 21, 16, 17, 22, 21, 20, 24, 19, 26, 23, 21, 19, 16, 22, 21, 16, 17, 17, 19, 30, 24, 18, 20, 18, 18, 16, 18, 23, 16, 22, 24, 20, 28, 21, 16, 21, 16, 25, 26, 24, 22, 20, 18, 23, 22, 21, 20, 22, 23, 
 suboptimal_solution: 0, 0, 0, 0, 0, 0, 0, 0, 0, 0, 0, 0, 0, 0, 0, 0, 0, 0, 0, 0, 0, 0, 0, 0, 0, 0, 0, 0, 0, 0, 0, 0, 0, 0, 0, 0, 0, 0, 0, 0, 0, 0, 0, 0, 0, 0, 0, 0, 0, 0, 0, 0, 0, 0, 0, 0, 0, 0, 0, 0, 0, 0, 0, 0, 0, 0, 0, 0, 0, 0, 0, 0, 0, 0, 0, 0, 0, 0, 0, 0, 0, 0, 0, 0, 0, 0, 0, 0, 0, 0, 0, 0, 0, 0, 0, 0, 0, 0, 0, 0, 
IDA*
 explored_nodes: 67, 60, 55, 35, 43, 144, 90, 67, 50, 60, 98, 87, 65, 101, 538, 67, 48, 204, 56, 62, 44, 73, 68, 76, 64, 78, 63, 90, 59, 47, 94, 37, 79, 59, 343, 34, 111, 46, 75, 61, 75, 268, 59, 93, 292, 84, 68, 82, 80, 38, 53, 137, 39, 74, 93, 130, 54, 109, 62, 84, 91, 332, 69, 68, 179, 136, 42, 66, 54, 61, 207, 447, 83, 169, 44, 83, 34, 47, 126, 42, 86, 116, 84, 595, 71, 73, 73, 32, 83, 44, 98, 99, 59, 57, 45, 139, 90, 166, 205, 119, 
 suboptimal_solution: 2, 2, 2, 0, 2, 2, 2, 0, 2, 2, 2, 2, 2, 2, 4, 2, 2, 2, 2, 2, 2, 2, 2, 2, 2, 2, 2, 2, 2, 2, 4, 2, 2, 2, 2, 0, 2, 0, 2, 2, 2, 4, 0, 2, 4, 2, 2, 2, 2, 0, 2, 2, 0, 2, 2, 4, 2, 2, 2, 2, 2, 4, 2, 2, 4, 2, 2, 2, 2, 0, 4, 4, 2, 2, 2, 2, 0, 2, 2, 0, 2, 2, 2, 4, 2, 2, 2, 0, 2, 2, 2, 2, 2, 2, 2, 2, 2, 2, 2, 2, 

A* nodes average: 20.2
A* suboptimal average: 0.0
IDA* nodes average: 102.86
IDA* suboptimal average: 1.98

