
------start:------
A*
 explored_nodes: 20, 18, 16, 16, 25, 16, 19, 18, 25, 17, 19, 17, 27, 21, 17, 16, 20, 19, 16, 17, 16, 19, 16, 16, 20, 26, 17, 18, 18, 18, 18, 17, 18, 18, 20, 26, 19, 17, 17, 23, 19, 16, 18, 18, 17, 17, 17, 20, 19, 16, 19, 20, 19, 16, 21, 20, 17, 17, 18, 21, 16, 20, 19, 19, 18, 18, 30, 18, 19, 19, 16, 18, 16, 17, 20, 16, 18, 20, 22, 16, 17, 19, 17, 21, 19, 25, 18, 20, 17, 25, 19, 23, 16, 16, 17, 16, 18, 17, 20, 16, 
 suboptimal_solution: 0, 0, 0, 0, 0, 0, 0, 0, 0, 0, 0, 0, 4, 2, 0, 0, 2, 0, 0, 0, 0, 0, 0, 0, 0, 0, 0, 0, 0, 0, 0, 0, 0, 0, 0, 2, 0, 0, 0, 2, 0, 0, 0, 0, 0, 0, 0, 0, 2, 0, 0, 0, 0, 0, 0, 0, 0, 0, 0, 0, 0, 0, 0, 0, 0, 0, 0, 0, 0, 0, 0, 0, 0, 0, 0, 0, 0, 0, 0, 0, 0, 0, 0, 0, 0, 0, 0, 0, 0, 0, 0, 0, 0, 0, 0, 0, 0, 0, 0, 0, 
IDA*
 explored_nodes: 309, 76, 46, 40, 224, 46, 65, 111, 385, 51, 307, 86, 329, 339, 112, 55, 153, 155, 52, 95, 58, 82, 44, 76, 128, 817, 47, 123, 125, 91, 37, 70, 51, 93, 183, 181, 56, 104, 79, 252, 87, 62, 67, 62, 68, 278, 58, 82, 88, 58, 311, 416, 71, 43, 159, 97, 75, 77, 81, 78, 42, 106, 75, 93, 67, 53, 123, 78, 105, 95, 48, 134, 50, 48, 179, 71, 88, 140, 161, 61, 57, 62, 60, 402, 49, 181, 113, 164, 86, 145, 180, 234, 72, 46, 94, 56, 112, 92, 171, 43, 
 suboptimal_solution: 4, 4, 2, 0, 8, 2, 2, 4, 4, 4, 6, 2, 6, 4, 4, 2, 4, 4, 2, 4, 2, 4, 2, 2, 2, 8, 4, 4, 4, 2, 2, 2, 2, 2, 4, 6, 4, 6, 2, 4, 4, 2, 2, 4, 2, 4, 2, 4, 4, 2, 4, 6, 2, 2, 4, 4, 2, 4, 2, 4, 2, 4, 4, 4, 4, 4, 6, 4, 4, 4, 2, 4, 2, 2, 4, 2, 4, 4, 6, 2, 2, 4, 2, 4, 2, 6, 2, 4, 2, 6, 4, 4, 4, 4, 4, 2, 4, 4, 6, 2, 

A* nodes average: 18.72
A* suboptimal average: 0.14
IDA* nodes average: 122.87
IDA* suboptimal average: 3.48


------middle:------
A*
 explored_nodes: 16, 16, 22, 17, 18, 18, 21, 17, 16, 17, 16, 21, 16, 16, 16, 16, 16, 21, 21, 17, 26, 16, 21, 16, 24, 20, 17, 17, 17, 17, 21, 16, 16, 18, 16, 18, 16, 18, 16, 25, 16, 22, 18, 17, 18, 17, 19, 17, 18, 21, 24, 19, 20, 18, 16, 16, 17, 16, 16, 17, 19, 16, 16, 16, 18, 19, 16, 16, 17, 16, 17, 18, 17, 20, 17, 17, 16, 16, 16, 18, 16, 20, 17, 31, 20, 16, 16, 16, 16, 17, 17, 25, 17, 16, 16, 16, 18, 16, 16, 17, 
 suboptimal_solution: 0, 0, 0, 0, 0, 0, 0, 0, 0, 0, 0, 0, 0, 0, 0, 0, 0, 2, 0, 0, 0, 0, 0, 0, 0, 0, 0, 0, 0, 0, 0, 0, 0, 0, 0, 0, 0, 0, 0, 0, 0, 0, 0, 0, 0, 0, 0, 0, 0, 2, 0, 0, 0, 0, 0, 0, 0, 0, 0, 0, 0, 0, 0, 0, 0, 0, 0, 0, 0, 0, 0, 0, 0, 0, 0, 0, 0, 0, 0, 0, 0, 0, 0, 6, 0, 0, 0, 0, 0, 0, 0, 4, 0, 0, 0, 0, 0, 0, 0, 0, 
IDA*
 explored_nodes: 45, 68, 159, 144, 59, 240, 188, 125, 35, 97, 120, 257, 148, 77, 108, 50, 47, 78, 170, 80, 198, 36, 39, 111, 64, 35, 141, 61, 51, 109, 328, 153, 136, 159, 56, 86, 121, 75, 133, 417, 47, 133, 148, 86, 218, 130, 59, 84, 51, 111, 317, 159, 67, 158, 42, 74, 110, 59, 162, 75, 109, 47, 50, 87, 174, 94, 40, 39, 66, 98, 134, 61, 93, 94, 73, 39, 48, 35, 50, 66, 124, 65, 132, 1957, 202, 93, 155, 46, 74, 75, 71, 251, 56, 109, 69, 56, 140, 133, 90, 53, 
 suboptimal_solution: 2, 2, 4, 4, 4, 4, 4, 4, 2, 4, 0, 6, 2, 2, 2, 2, 4, 2, 4, 4, 4, 0, 2, 2, 2, 0, 4, 2, 2, 2, 6, 0, 2, 4, 2, 4, 2, 4, 2, 6, 2, 4, 4, 4, 4, 2, 4, 2, 4, 2, 4, 4, 2, 4, 2, 2, 4, 4, 2, 2, 4, 2, 2, 4, 4, 4, 2, 2, 2, 2, 4, 4, 4, 2, 2, 2, 4, 2, 2, 2, 2, 4, 4, 10, 4, 4, 2, 2, 2, 4, 2, 8, 2, 2, 2, 2, 4, 4, 2, 2, 

A* nodes average: 17.87
A* suboptimal average: 0.14
IDA* nodes average: 125.42
IDA* suboptimal average: 3.0


------end:------
A*
 explored_nodes: 29, 16, 17, 18, 22, 16, 22, 16, 25, 18, 16, 24, 19, 29, 26, 20, 16, 16, 16, 16, 16, 31, 16, 32, 26, 18, 17, 23, 16, 17, 19, 17, 16, 23, 22, 18, 16, 16, 16, 31, 19, 26, 16, 34, 16, 26, 31, 26, 16, 17, 36, 19, 33, 26, 21, 16, 29, 16, 16, 16, 16, 16, 19, 18, 23, 16, 17, 16, 17, 16, 16, 16, 34, 26, 19, 23, 23, 30, 35, 16, 16, 16, 16, 16, 18, 16, 23, 16, 17, 16, 16, 17, 17, 16, 17, 35, 16, 16, 16, 26, 
 suboptimal_solution: 0, 0, 0, 0, 0, 0, 0, 0, 0, 0, 0, 0, 0, 0, 0, 0, 0, 0, 0, 0, 0, 2, 0, 0, 0, 0, 0, 0, 0, 0, 0, 0, 0, 0, 0, 0, 0, 0, 0, 0, 0, 0, 0, 0, 0, 0, 0, 0, 0, 0, 0, 0, 0, 0, 0, 0, 0, 0, 0, 0, 0, 0, 0, 0, 0, 0, 0, 0, 0, 0, 0, 0, 0, 0, 0, 0, 0, 0, 2, 0, 0, 0, 0, 0, 0, 0, 0, 0, 0, 0, 0, 0, 0, 0, 0, 0, 0, 0, 0, 0, 
IDA*
 explored_nodes: 370, 54, 130, 171, 253, 118, 78, 50, 292, 169, 51, 333, 143, 400, 554, 280, 199, 52, 48, 124, 112, 370, 131, 445, 288, 153, 116, 368, 47, 155, 281, 186, 48, 379, 305, 148, 54, 147, 55, 421, 191, 301, 49, 368, 54, 290, 332, 647, 96, 114, 374, 244, 199, 281, 245, 166, 347, 181, 130, 49, 58, 178, 62, 189, 372, 130, 124, 143, 124, 125, 136, 157, 399, 210, 224, 424, 398, 305, 806, 114, 47, 51, 168, 160, 182, 48, 310, 122, 155, 192, 100, 167, 154, 47, 168, 377, 145, 213, 146, 161, 
 suboptimal_solution: 2, 0, 2, 2, 2, 2, 0, 0, 2, 2, 0, 2, 2, 2, 2, 2, 2, 0, 0, 2, 2, 2, 2, 2, 2, 2, 2, 2, 0, 2, 2, 2, 0, 2, 2, 2, 0, 2, 0, 2, 2, 2, 0, 2, 0, 2, 2, 4, 2, 2, 2, 2, 2, 2, 2, 2, 2, 2, 2, 0, 0, 2, 0, 2, 2, 2, 2, 2, 2, 2, 2, 2, 2, 2, 2, 4, 2, 2, 4, 2, 0, 0, 2, 2, 2, 0, 2, 2, 2, 2, 2, 2, 2, 0, 2, 2, 2, 2, 2, 2, 

A* nodes average: 20.32
A* suboptimal average: 0.04
IDA* nodes average: 205.27
IDA* suboptimal average: 1.68

