
------start:------
A*
 explored_nodes: 51, 73, 54, 49, 55, 51, 107, 41, 37, 76, 40, 58, 35, 35, 43, 51, 53, 46, 32, 56, 30, 35, 55, 59, 55, 44, 35, 28, 37, 41, 66, 50, 39, 45, 48, 40, 31, 67, 41, 62, 55, 40, 39, 35, 81, 31, 49, 42, 99, 66, 62, 41, 34, 43, 53, 41, 45, 53, 33, 76, 57, 37, 39, 49, 44, 49, 64, 125, 37, 82, 54, 40, 37, 46, 47, 49, 64, 47, 43, 55, 37, 74, 29, 105, 36, 102, 37, 81, 43, 49, 39, 52, 33, 43, 42, 53, 49, 56, 53, 35, 
 suboptimal_solution: 0, 2, 2, 2, 0, 0, 4, 0, 0, 4, 2, 0, 0, 2, 2, 0, 0, 0, 0, 4, 2, 2, 6, 4, 0, 4, 0, 0, 0, 4, 4, 0, 0, 4, 0, 0, 0, 4, 0, 0, 0, 2, 0, 0, 4, 2, 0, 0, 0, 2, 4, 0, 0, 0, 0, 2, 0, 4, 0, 2, 6, 0, 0, 2, 0, 2, 2, 2, 2, 2, 2, 2, 0, 0, 4, 0, 0, 0, 2, 4, 0, 4, 0, 0, 2, 4, 0, 6, 2, 4, 0, 2, 0, 0, 0, 2, 2, 2, 2, 0, 
IDA*
 explored_nodes: 2560, 869, 161, 2813, 1236, 533, 4096, 782, 1884, 6217, 295, 2378, 1312, 141, 690, 459, 625, 2426, 594, 1330, 441, 649, 6892, 3006, 2395, 598, 500, 602, 307, 231, 3072, 3534, 1062, 654, 1231, 876, 264, 1966, 830, 577, 1496, 343, 863, 236, 14349, 355, 1114, 304, 15902, 2287, 7865, 801, 2096, 642, 932, 299, 575, 3734, 626, 5633, 2811, 841, 844, 949, 1850, 6537, 1220, 18274, 115, 6357, 1757, 1162, 1040, 349, 1139, 424, 2289, 3160, 297, 1302, 4764, 174, 229, 10688, 1499, 21356, 2433, 1669, 900, 788, 153, 4197, 3642, 428, 292, 868, 565, 11254, 599, 741, 
 suboptimal_solution: 8, 10, 6, 8, 10, 8, 10, 10, 8, 8, 6, 8, 8, 6, 12, 6, 10, 8, 6, 8, 8, 12, 10, 10, 8, 16, 6, 8, 6, 10, 10, 8, 8, 10, 6, 6, 8, 8, 6, 10, 8, 8, 6, 6, 8, 8, 8, 8, 10, 10, 10, 6, 8, 8, 8, 8, 6, 10, 6, 10, 12, 8, 6, 8, 8, 10, 12, 10, 10, 8, 8, 8, 8, 6, 8, 8, 10, 6, 8, 8, 8, 10, 6, 10, 10, 12, 8, 12, 8, 12, 6, 8, 8, 6, 6, 6, 8, 8, 6, 6, 

A* nodes average: 50.82
A* suboptimal average: 1.44
IDA* nodes average: 2414.96
IDA* suboptimal average: 8.32


------middle:------
A*
 explored_nodes: 26, 59, 110, 40, 47, 37, 61, 89, 57, 48, 56, 63, 29, 36, 31, 35, 42, 50, 41, 64, 60, 40, 61, 51, 31, 42, 41, 41, 30, 36, 49, 41, 55, 51, 33, 41, 48, 55, 34, 26, 39, 46, 49, 32, 44, 37, 38, 45, 39, 38, 58, 64, 45, 37, 43, 35, 42, 47, 56, 40, 42, 51, 39, 45, 41, 39, 41, 49, 34, 30, 69, 40, 44, 43, 47, 59, 29, 28, 43, 95, 39, 41, 53, 37, 36, 38, 53, 36, 29, 51, 52, 41, 44, 36, 45, 47, 49, 36, 83, 32, 
 suboptimal_solution: 0, 2, 2, 0, 2, 2, 0, 4, 2, 0, 4, 0, 0, 2, 2, 0, 0, 2, 6, 4, 0, 0, 6, 0, 0, 0, 4, 2, 0, 0, 4, 0, 0, 4, 0, 0, 0, 0, 0, 0, 2, 0, 0, 0, 4, 0, 0, 0, 2, 4, 4, 2, 2, 2, 2, 4, 4, 0, 0, 2, 0, 0, 4, 2, 0, 4, 2, 2, 0, 0, 4, 2, 2, 2, 0, 2, 2, 0, 2, 4, 0, 0, 2, 2, 0, 2, 0, 2, 0, 0, 2, 0, 4, 0, 0, 2, 0, 0, 2, 0, 
IDA*
 explored_nodes: 208, 1223, 5911, 1060, 733, 362, 5863, 1447, 294, 1431, 3768, 1934, 438, 837, 243, 703, 1708, 1834, 18927, 2960, 166, 244, 789, 855, 184, 1877, 879, 216, 480, 455, 499, 1745, 3876, 562, 2041, 2728, 8011, 939, 649, 273, 377, 603, 1015, 323, 579, 566, 787, 809, 644, 1725, 2460, 479, 3021, 408, 2608, 551, 1221, 2741, 3486, 2273, 412, 583, 1114, 993, 2357, 1448, 1745, 381, 216, 1639, 738, 277, 1350, 9413, 889, 7036, 190, 119, 417, 5102, 852, 325, 2982, 1012, 278, 617, 1179, 989, 238, 7328, 642, 1836, 1465, 722, 1351, 774, 3930, 180, 9056, 359, 
 suboptimal_solution: 8, 8, 10, 6, 8, 6, 8, 10, 6, 6, 10, 8, 4, 8, 6, 10, 6, 8, 14, 8, 4, 12, 8, 6, 6, 8, 8, 6, 8, 8, 6, 4, 10, 8, 10, 2, 10, 6, 6, 4, 8, 6, 4, 6, 10, 4, 6, 8, 8, 10, 10, 8, 8, 10, 8, 10, 8, 8, 10, 8, 10, 6, 10, 6, 6, 10, 8, 8, 4, 8, 6, 4, 8, 10, 6, 10, 10, 4, 8, 10, 8, 6, 12, 8, 6, 6, 6, 8, 6, 8, 6, 8, 8, 8, 6, 8, 10, 4, 10, 6, 

A* nodes average: 45.47
A* suboptimal average: 1.4
IDA* nodes average: 1785.62
IDA* suboptimal average: 7.56


------end:------
A*
 explored_nodes: 160, 147, 360, 194, 342, 269, 100, 362, 155, 851, 208, 130, 202, 452, 390, 336, 344, 152, 190, 128, 191, 150, 747, 508, 735, 357, 81, 297, 126, 310, 478, 288, 37, 308, 144, 287, 98, 120, 464, 154, 88, 279, 133, 154, 331, 172, 118, 292, 158, 248, 410, 128, 196, 252, 67, 388, 75, 50, 127, 230, 209, 111, 156, 111, 291, 367, 90, 109, 159, 123, 360, 262, 130, 94, 380, 291, 82, 120, 188, 109, 249, 134, 206, 212, 193, 470, 121, 228, 225, 398, 170, 114, 502, 159, 359, 217, 121, 375, 204, 298, 
 suboptimal_solution: 0, 0, 2, 0, 0, 0, 0, 2, 0, 4, 0, 0, 0, 0, 2, 0, 0, 0, 0, 0, 0, 0, 4, 0, 2, 2, 0, 0, 0, 4, 2, 2, 0, 0, 0, 0, 2, 0, 2, 0, 0, 0, 0, 0, 0, 0, 0, 2, 0, 0, 0, 0, 0, 2, 0, 2, 0, 0, 0, 2, 2, 0, 0, 0, 2, 2, 0, 0, 0, 0, 2, 2, 2, 0, 2, 0, 0, 0, 4, 0, 0, 2, 0, 0, 2, 2, 0, 0, 0, 2, 0, 0, 2, 0, 0, 0, 0, 0, 2, 0, 
IDA*
 explored_nodes: 8179, 10128, 51247, 23513, 14649, 13626, 2436, 59807, 2200, 181840, 51115, 7796, 4961, 35282, 101005, 22770, 24140, 4460, 23559, 5386, 6902, 6633, 56650, 49013, 141669, 100608, 2971, 25518, 2151, 35884, 27854, 99729, 817, 16086, 15918, 17422, 6742, 1527, 49451, 18229, 2306, 74153, 2567, 7540, 21184, 15940, 2800, 23140, 11683, 18342, 30242, 4300, 15804, 28583, 4870, 19528, 5525, 3243, 16334, 61186, 940, 7564, 4461, 11820, 10050, 18028, 2713, 7522, 10785, 4556, 14776, 7112, 8733, 5166, 72566, 71635, 1105, 10991, 64170, 6078, 23687, 2052, 18645, 13843, 28903, 80039, 14983, 89964, 4352, 33313, 14543, 10511, 25070, 7167, 16731, 18521, 16191, 174192, 36786, 17294, 
 suboptimal_solution: 4, 4, 6, 4, 4, 4, 2, 4, 2, 6, 4, 2, 2, 4, 6, 4, 4, 2, 4, 4, 2, 4, 4, 4, 6, 6, 2, 4, 2, 6, 6, 4, 2, 4, 4, 4, 4, 2, 4, 4, 2, 6, 2, 4, 4, 4, 2, 4, 4, 4, 4, 4, 2, 6, 4, 4, 2, 4, 2, 6, 2, 4, 2, 2, 4, 4, 4, 2, 4, 4, 4, 4, 4, 4, 6, 4, 2, 2, 4, 2, 4, 4, 4, 2, 6, 6, 2, 6, 2, 4, 4, 2, 4, 2, 4, 4, 4, 4, 4, 4, 

A* nodes average: 239.45
A* suboptimal average: 0.68
IDA* nodes average: 26867.01
IDA* suboptimal average: 3.72

