
------start:------
A*
 explored_nodes: 101, 149, 62, 88, 60, 47, 174, 62, 177, 76, 60, 139, 122, 64, 103, 46, 131, 61, 166, 36, 146, 104, 140, 76, 85, 73, 62, 133, 97, 73, 114, 189, 171, 56, 51, 87, 69, 43, 73, 91, 51, 95, 254, 205, 87, 80, 96, 91, 72, 51, 112, 113, 74, 54, 118, 50, 190, 65, 57, 104, 71, 116, 83, 53, 75, 48, 54, 57, 128, 196, 107, 231, 256, 117, 61, 57, 60, 58, 141, 39, 193, 54, 140, 99, 58, 62, 88, 90, 79, 93, 130, 45, 53, 93, 146, 142, 43, 59, 40, 52, 
 suboptimal_solution: 2, 4, 2, 2, 0, 2, 0, 0, 6, 0, 6, 4, 0, 0, 6, 0, 2, 0, 6, 0, 2, 0, 4, 0, 2, 6, 0, 0, 2, 2, 2, 2, 6, 0, 0, 4, 4, 2, 0, 6, 0, 0, 0, 0, 0, 0, 0, 2, 4, 4, 2, 2, 2, 2, 6, 2, 4, 0, 0, 4, 4, 2, 0, 0, 2, 0, 4, 2, 0, 0, 2, 6, 2, 4, 0, 0, 4, 0, 2, 0, 2, 0, 2, 0, 0, 0, 0, 2, 2, 4, 0, 0, 0, 2, 2, 2, 6, 0, 0, 0, 
IDA*
 explored_nodes: 248100, 36052, 74958, 33435, 166802, 31548, 355809, 13707, 186407, 7876, 86216, 210729, 895421, 87744, 3695753, 286765, 71109, 50936, 168247, 640, 132081, 24956, 230887, 235235, 10102, 24716, 42000, 41802, 15369, 262694, 17318, 40020, 249093, 2552, 3473, 10873, 5413, 34927, 11912, 4811, 11607, 316054, 247862, 1609695, 102218, 8325, 2158088, 154967, 25796, 152787, 83202, 735974, 3486, 39108, 115998, 3686, 41502, 760200, 1990, 44348, 134843, 14092, 16724, 69915, 6691, 988, 62741, 4475, 283716, 805649, 25959, 73300566, 49180, 99518, 4717, 11496, 676871, 6466, 81614, 1743, 1423476, 10198, 43468, 16157, 7843, 9875, 5926, 20401, 12898, 1707755, 119554, 129431, 18740, 454513, 34500, 160079, 22030, 192535, 47974, 119482, 
 suboptimal_solution: 4, 6, 6, 4, 4, 2, 8, 4, 8, 4, 8, 8, 6, 4, 6, 6, 6, 4, 8, 4, 8, 6, 8, 4, 8, 8, 8, 6, 8, 6, 10, 8, 8, 4, 2, 6, 6, 6, 4, 8, 6, 6, 8, 6, 4, 4, 6, 6, 6, 10, 6, 8, 4, 6, 8, 4, 8, 6, 2, 8, 8, 6, 6, 2, 6, 8, 10, 8, 8, 6, 8, 8, 8, 8, 2, 6, 6, 12, 8, 2, 8, 6, 6, 4, 6, 4, 6, 8, 6, 8, 6, 6, 2, 6, 8, 8, 8, 4, 6, 4, 

A* nodes average: 96.43
A* suboptimal average: 1.78
IDA* nodes average: 949401.8
IDA* suboptimal average: 6.2


------middle:------
A*
 explored_nodes: 56, 89, 101, 48, 38, 53, 69, 53, 53, 50, 99, 86, 41, 58, 208, 100, 64, 41, 44, 99, 64, 49, 79, 52, 37, 65, 82, 124, 39, 46, 67, 128, 66, 37, 123, 155, 86, 64, 57, 47, 51, 77, 73, 41, 83, 92, 63, 78, 43, 33, 104, 84, 66, 42, 52, 55, 37, 99, 143, 62, 81, 50, 81, 117, 53, 53, 49, 57, 55, 78, 67, 56, 52, 96, 137, 72, 43, 52, 49, 43, 87, 94, 45, 49, 55, 98, 85, 60, 82, 77, 108, 87, 46, 66, 44, 76, 132, 47, 61, 44, 
 suboptimal_solution: 2, 2, 4, 0, 2, 0, 2, 2, 0, 0, 6, 0, 0, 0, 4, 0, 2, 2, 0, 0, 0, 0, 6, 0, 0, 0, 4, 2, 0, 2, 2, 0, 6, 2, 8, 4, 2, 0, 4, 0, 4, 2, 0, 0, 2, 0, 0, 2, 0, 0, 2, 2, 0, 2, 6, 2, 0, 6, 2, 2, 2, 2, 0, 4, 2, 2, 0, 4, 0, 4, 4, 0, 2, 4, 2, 2, 0, 0, 2, 0, 2, 6, 2, 0, 0, 6, 4, 0, 2, 6, 0, 6, 0, 2, 0, 6, 6, 0, 2, 0, 
IDA*
 explored_nodes: 63708, 33134, 48115, 18347, 587, 31510, 14321, 14481, 8822, 1025, 216474, 22865, 945, 1538, 374874, 110787, 4300, 7778, 3254, 11449, 68546, 6719, 109354, 1896, 650, 852, 6318, 18225, 2277, 910, 146154, 15573, 486892, 1198, 657980, 928686, 518135, 20824, 3062, 15064, 9411, 253370, 11071, 32887, 4889, 13393, 75020, 32109, 2986, 619, 34402, 51890, 1601, 5948, 57567, 31802, 428, 199934, 1801763, 20616, 5143, 6005, 22944, 287667, 99903, 6759, 29267, 10846, 41014, 11134, 13351, 7570, 4853, 8169, 18644, 74375, 1202, 125566, 571, 495, 13618, 533174, 6447, 1719, 1790, 145349, 3037, 24973, 94952, 2811348, 35818, 40631, 937, 5458, 8780, 29215, 34640, 1532, 10689, 10735, 
 suboptimal_solution: 6, 6, 8, 4, 4, 6, 2, 2, 4, 4, 6, 8, 4, 4, 8, 4, 4, 8, 2, 2, 4, 4, 8, 2, 2, 6, 6, 4, 2, 4, 6, 8, 8, 8, 12, 6, 6, 6, 6, 8, 6, 8, 4, 4, 10, 6, 4, 6, 6, 2, 4, 6, 4, 4, 10, 4, 2, 10, 6, 6, 8, 4, 2, 6, 6, 4, 6, 6, 2, 6, 8, 4, 4, 8, 6, 10, 2, 4, 4, 2, 6, 8, 4, 8, 10, 8, 6, 6, 4, 8, 6, 6, 2, 4, 4, 8, 6, 4, 4, 6, 

A* nodes average: 70.79
A* suboptimal average: 1.9
IDA* nodes average: 112296.55
IDA* suboptimal average: 5.44


------end:------
A*
 explored_nodes: 161, 160, 137, 124, 74, 39, 292, 44, 69, 86, 130, 143, 93, 98, 47, 182, 124, 58, 83, 61, 94, 115, 97, 113, 99, 66, 38, 141, 61, 66, 38, 35, 74, 212, 69, 134, 168, 119, 173, 61, 123, 81, 98, 118, 92, 49, 106, 90, 106, 78, 102, 91, 99, 101, 85, 97, 103, 104, 77, 237, 101, 42, 87, 43, 153, 81, 60, 436, 156, 103, 82, 142, 78, 82, 93, 55, 55, 81, 50, 182, 31, 55, 83, 43, 117, 126, 142, 152, 192, 53, 77, 79, 127, 132, 136, 102, 34, 132, 36, 128, 
 suboptimal_solution: 2, 2, 2, 0, 0, 0, 4, 0, 0, 0, 2, 2, 0, 0, 0, 4, 0, 2, 0, 0, 0, 2, 2, 0, 2, 0, 2, 2, 0, 0, 2, 0, 4, 2, 0, 2, 2, 0, 0, 0, 0, 0, 2, 0, 0, 0, 2, 0, 0, 0, 0, 0, 0, 0, 0, 2, 0, 0, 0, 4, 0, 0, 0, 0, 2, 2, 0, 6, 2, 0, 2, 2, 2, 0, 0, 2, 0, 0, 0, 0, 0, 0, 0, 0, 2, 0, 0, 2, 0, 0, 0, 2, 2, 2, 2, 2, 0, 0, 0, 2, 
IDA*
 explored_nodes: 16940, 12919, 1364, 8939, 4416, 292, 105905, 540, 1206, 2770, 42106, 4593, 5682, 3080, 405, 20166, 16223, 1608, 1941, 2658, 9285, 1187, 8853, 3413, 12042, 1539, 389, 8438, 1354, 5577, 546, 717, 7027, 31700, 5810, 21953, 4972, 8295, 22117, 3709, 9956, 4790, 9963, 8532, 2194, 395, 5974, 5035, 2917, 3347, 1908, 3639, 11168, 3531, 8648, 1320, 21532, 17139, 1314, 16155, 7294, 128, 897, 1156, 5629, 1938, 3438, 12282, 1955, 2694, 834, 7932, 1309, 6446, 1985, 882, 2237, 3788, 414, 14321, 219, 910, 2144, 1478, 11510, 10380, 7749, 6434, 5022, 898, 1123, 13101, 3474, 14446, 11963, 2346, 857, 4608, 413, 22304, 
 suboptimal_solution: 4, 4, 4, 2, 4, 2, 6, 2, 2, 4, 6, 4, 2, 2, 2, 6, 4, 2, 4, 2, 4, 4, 4, 2, 4, 2, 2, 4, 2, 4, 4, 2, 6, 4, 2, 4, 4, 4, 4, 4, 4, 2, 4, 4, 2, 2, 4, 4, 2, 4, 4, 2, 4, 4, 4, 4, 4, 4, 2, 6, 4, 2, 2, 2, 4, 4, 2, 4, 2, 2, 4, 4, 2, 4, 2, 2, 4, 2, 2, 4, 2, 4, 2, 2, 4, 6, 4, 4, 4, 2, 2, 2, 4, 4, 4, 2, 2, 4, 2, 4, 

A* nodes average: 103.54
A* suboptimal average: 0.88
IDA* nodes average: 7510.71
IDA* suboptimal average: 3.3

