
------start:------
A*
 explored_nodes: 90, 60, 128, 209, 64, 95, 99, 64, 102, 72, 47, 51, 181, 109, 115, 86, 75, 130, 82, 130, 133, 60, 49, 169, 70, 68, 121, 114, 81, 64, 70, 109, 52, 91, 81, 97, 80, 65, 103, 73, 74, 89, 95, 144, 106, 61, 172, 78, 122, 74, 127, 55, 88, 69, 79, 71, 61, 45, 99, 50, 59, 59, 99, 106, 53, 57, 61, 77, 135, 82, 54, 113, 85, 207, 91, 56, 66, 108, 87, 117, 87, 114, 91, 151, 45, 45, 94, 74, 115, 82, 94, 108, 62, 113, 113, 81, 103, 129, 64, 93, 
 suboptimal_solution: 0, 0, 0, 0, 0, 0, 0, 0, 0, 0, 0, 0, 0, 0, 0, 0, 0, 0, 0, 0, 0, 0, 0, 0, 0, 0, 0, 0, 0, 0, 0, 0, 0, 0, 0, 0, 0, 0, 0, 0, 0, 0, 0, 0, 0, 0, 0, 0, 0, 0, 0, 0, 0, 0, 0, 0, 0, 0, 0, 0, 0, 0, 0, 0, 0, 0, 0, 0, 0, 0, 0, 0, 0, 2, 0, 0, 0, 0, 0, 0, 0, 0, 0, 0, 0, 0, 0, 0, 0, 0, 0, 0, 0, 0, 0, 0, 0, 0, 0, 0, 
IDA*
 explored_nodes: 9708, 796, 652, 13684, 4381, 4096, 3266, 911, 1938, 3112, 478, 2235, 4457, 25390, 3459, 576, 489, 6676, 2520, 832, 12014, 1218, 405, 742, 1053, 5888, 2155, 1759, 1124, 1720, 5657, 2561, 7274, 1404, 1430, 270, 2040, 6414, 1944, 10169, 4975, 1519, 4202, 3499, 1938, 620, 5592, 2174, 1444, 2421, 1451, 140, 1605, 4254, 241, 3564, 1020, 435, 451, 6390, 726, 2683, 409, 539, 2176, 1562, 446, 1995, 4797, 1335, 1301, 2445, 9381, 2389, 5686, 4993, 3398, 11018, 2178, 13759, 1373, 4251, 1912, 6262, 723, 799, 2122, 2985, 775, 10451, 2844, 2911, 5002, 684, 3679, 1236, 7120, 849, 1142, 6112, 
 suboptimal_solution: 0, 0, 0, 0, 0, 0, 0, 0, 0, 0, 0, 0, 0, 0, 0, 0, 0, 0, 0, 0, 0, 0, 0, 0, 0, 0, 0, 0, 0, 0, 0, 0, 0, 0, 0, 0, 0, 0, 0, 0, 0, 0, 0, 0, 0, 0, 0, 0, 0, 0, 0, 0, 0, 0, 0, 0, 0, 0, 0, 0, 0, 0, 0, 0, 0, 0, 0, 0, 0, 0, 0, 0, 0, 0, 0, 0, 0, 0, 0, 0, 0, 0, 0, 0, 0, 0, 0, 0, 0, 0, 0, 0, 0, 0, 0, 0, 0, 0, 0, 0, 

A* nodes average: 91.28
A* suboptimal average: 0.02
IDA* nodes average: 3412.8
IDA* suboptimal average: 0.0


------middle:------
A*
 explored_nodes: 93, 57, 51, 99, 61, 75, 42, 67, 68, 71, 52, 82, 179, 104, 57, 91, 59, 129, 67, 77, 78, 113, 59, 86, 73, 73, 72, 97, 67, 69, 101, 93, 51, 60, 88, 86, 92, 75, 80, 62, 67, 77, 88, 89, 91, 54, 46, 83, 102, 73, 89, 89, 105, 80, 60, 243, 63, 34, 54, 50, 39, 146, 122, 40, 37, 92, 73, 145, 127, 72, 101, 83, 94, 65, 65, 50, 74, 58, 63, 67, 80, 101, 59, 85, 101, 50, 92, 80, 104, 56, 162, 81, 101, 85, 75, 82, 45, 34, 58, 44, 
 suboptimal_solution: 0, 0, 0, 0, 0, 0, 0, 0, 0, 0, 0, 0, 0, 0, 0, 0, 0, 0, 0, 0, 0, 0, 0, 0, 0, 0, 0, 0, 0, 0, 0, 0, 0, 0, 0, 0, 0, 0, 0, 0, 0, 0, 0, 0, 0, 0, 0, 0, 0, 0, 0, 0, 0, 0, 0, 2, 0, 0, 0, 0, 0, 2, 0, 0, 0, 0, 0, 2, 0, 0, 0, 0, 0, 0, 0, 0, 0, 0, 0, 0, 0, 0, 0, 0, 0, 0, 0, 0, 0, 0, 0, 0, 0, 0, 0, 0, 0, 0, 0, 0, 
IDA*
 explored_nodes: 1619, 716, 885, 41303, 5208, 2182, 972, 254, 420, 947, 6623, 1278, 4006, 1017, 1539, 8909, 434, 4251, 14287, 1500, 946, 1488, 16995, 8339, 695, 518, 175, 1762, 209, 6271, 3830, 3010, 1110, 1770, 766, 3260, 3855, 917, 4388, 982, 650, 10174, 6280, 549, 4748, 1306, 6649, 8506, 6197, 5343, 1084, 492, 2783, 42722, 680, 2286, 1877, 2477, 200, 358, 3173, 2413, 73, 9347, 611, 5302, 1250, 1960, 1348, 273, 3757, 4527, 4592, 533, 1656, 361, 1769, 1141, 268, 1965, 422, 7748, 472, 664, 272, 406, 6505, 1303, 3605, 5769, 19361, 10677, 1316, 460, 1742, 5498, 1217, 141, 633, 997, 
 suboptimal_solution: 0, 0, 0, 0, 0, 0, 0, 0, 0, 0, 0, 0, 0, 0, 0, 0, 0, 0, 0, 0, 0, 0, 0, 0, 0, 0, 0, 0, 0, 0, 0, 0, 0, 0, 0, 0, 0, 0, 0, 0, 0, 0, 0, 0, 0, 0, 0, 0, 0, 0, 0, 0, 0, 0, 0, 0, 0, 0, 0, 0, 0, 0, 0, 0, 0, 0, 0, 0, 0, 0, 0, 0, 0, 0, 0, 0, 0, 0, 0, 0, 0, 0, 0, 0, 0, 0, 0, 0, 0, 0, 0, 0, 0, 0, 0, 0, 0, 0, 0, 0, 

A* nodes average: 79.81
A* suboptimal average: 0.06
IDA* nodes average: 3805.24
IDA* suboptimal average: 0.0


------end:------
A*
 explored_nodes: 36, 38, 45, 51, 33, 33, 36, 33, 32, 46, 37, 58, 58, 41, 29, 39, 42, 38, 43, 36, 49, 64, 41, 64, 35, 34, 42, 44, 42, 34, 36, 44, 38, 47, 46, 37, 34, 33, 36, 31, 41, 41, 31, 38, 45, 37, 60, 44, 39, 31, 33, 39, 49, 38, 34, 44, 34, 41, 42, 42, 37, 44, 48, 42, 33, 32, 34, 36, 45, 53, 38, 47, 31, 31, 65, 38, 39, 37, 36, 34, 42, 47, 46, 45, 36, 38, 37, 47, 39, 31, 53, 43, 42, 47, 43, 38, 28, 41, 37, 46, 
 suboptimal_solution: 0, 0, 0, 0, 0, 0, 0, 0, 0, 0, 0, 0, 0, 0, 0, 0, 0, 0, 0, 0, 0, 0, 0, 0, 0, 0, 0, 0, 0, 0, 0, 0, 0, 0, 0, 0, 0, 0, 0, 0, 0, 0, 0, 0, 0, 0, 0, 0, 0, 0, 0, 0, 0, 0, 0, 0, 0, 0, 0, 0, 0, 0, 0, 0, 0, 0, 0, 0, 0, 0, 0, 0, 0, 0, 0, 0, 0, 0, 0, 0, 0, 0, 0, 0, 0, 0, 0, 0, 0, 0, 0, 0, 0, 0, 0, 0, 0, 0, 0, 0, 
IDA*
 explored_nodes: 218, 289, 534, 231, 112, 112, 81, 70, 177, 272, 288, 246, 209, 645, 199, 115, 77, 79, 183, 107, 101, 82, 246, 469, 142, 224, 110, 157, 138, 71, 334, 157, 194, 353, 135, 229, 178, 275, 113, 355, 161, 421, 79, 550, 168, 219, 181, 131, 185, 72, 160, 82, 116, 190, 166, 198, 243, 182, 116, 113, 131, 102, 246, 133, 252, 242, 203, 174, 224, 139, 269, 119, 201, 369, 547, 138, 185, 217, 174, 221, 98, 210, 209, 107, 76, 196, 129, 233, 156, 123, 84, 88, 149, 407, 147, 296, 806, 112, 101, 149, 
 suboptimal_solution: 0, 0, 0, 0, 0, 0, 0, 0, 0, 0, 0, 0, 0, 0, 0, 0, 0, 0, 0, 0, 0, 0, 0, 0, 0, 0, 0, 0, 0, 0, 0, 0, 0, 0, 0, 0, 0, 0, 0, 0, 0, 0, 0, 0, 0, 0, 0, 0, 0, 0, 0, 0, 0, 0, 0, 0, 0, 0, 0, 0, 0, 0, 0, 0, 0, 0, 0, 0, 0, 0, 0, 0, 0, 0, 0, 0, 0, 0, 0, 0, 0, 0, 0, 0, 0, 0, 0, 0, 0, 0, 0, 0, 0, 0, 0, 0, 0, 0, 0, 0, 

A* nodes average: 40.64
A* suboptimal average: 0.0
IDA* nodes average: 202.02
IDA* suboptimal average: 0.0

