
------start:------
A*
 explored_nodes: 222, 64, 47, 196, 94, 106, 217, 213, 80, 79, 55, 213, 162, 65, 177, 102, 221, 93, 143, 63, 93, 151, 188, 113, 131, 108, 82, 147, 104, 125, 103, 211, 70, 101, 172, 51, 141, 188, 178, 228, 145, 144, 63, 112, 169, 85, 153, 132, 58, 125, 68, 132, 51, 154, 110, 58, 67, 80, 338, 99, 57, 56, 128, 69, 95, 148, 156, 65, 67, 56, 122, 61, 127, 194, 34, 176, 220, 191, 125, 106, 126, 57, 119, 180, 112, 208, 170, 97, 90, 91, 120, 77, 210, 68, 67, 153, 55, 119, 216, 193, 
 suboptimal_solution: 0, 0, 0, 0, 0, 0, 0, 0, 0, 0, 0, 0, 0, 0, 0, 0, 0, 0, 0, 0, 0, 0, 0, 0, 0, 0, 0, 0, 0, 0, 0, 0, 0, 0, 0, 0, 0, 0, 0, 0, 0, 0, 0, 0, 0, 0, 0, 0, 0, 0, 0, 0, 0, 0, 0, 0, 0, 0, 0, 0, 0, 0, 0, 0, 0, 0, 0, 0, 0, 0, 0, 0, 0, 0, 0, 0, 0, 0, 0, 0, 0, 0, 0, 0, 0, 0, 0, 0, 0, 0, 0, 0, 0, 0, 0, 0, 0, 0, 0, 0, 
IDA*
 explored_nodes: 375, 941, 468, 310, 1064, 1110, 219, 225, 361, 1032, 458, 798, 634, 434, 266, 857, 504, 285, 214, 876, 486, 261, 347, 227, 1077, 1811, 478, 144, 269, 138, 283, 316, 143, 257, 300, 646, 831, 564, 763, 765, 1392, 247, 317, 307, 191, 448, 459, 89, 1125, 614, 154, 174, 285, 422, 738, 139, 157, 125, 178, 291, 523, 238, 468, 1024, 234, 494, 712, 436, 685, 96, 125, 611, 266, 207, 212, 418, 655, 250, 249, 310, 218, 400, 410, 1161, 661, 708, 314, 282, 811, 340, 109, 178, 373, 814, 138, 521, 1995, 241, 271, 206, 
 suboptimal_solution: 0, 0, 0, 0, 0, 0, 0, 0, 0, 0, 0, 0, 0, 0, 0, 0, 0, 0, 0, 0, 0, 0, 0, 0, 0, 0, 0, 0, 0, 0, 0, 0, 0, 0, 0, 0, 0, 0, 0, 0, 0, 0, 0, 0, 0, 0, 0, 0, 0, 0, 0, 0, 0, 0, 0, 0, 0, 0, 0, 0, 0, 0, 0, 0, 0, 0, 0, 0, 0, 0, 0, 0, 0, 0, 0, 0, 0, 0, 0, 0, 0, 0, 0, 0, 0, 0, 0, 0, 0, 0, 0, 0, 0, 0, 0, 0, 0, 0, 0, 0, 

A* nodes average: 124.21
A* suboptimal average: 0.0
IDA* nodes average: 477.53
IDA* suboptimal average: 0.0


------middle:------
A*
 explored_nodes: 165, 55, 53, 174, 70, 107, 200, 161, 61, 66, 63, 172, 147, 76, 170, 80, 177, 82, 122, 46, 71, 131, 188, 112, 113, 105, 84, 134, 84, 119, 98, 164, 95, 117, 164, 53, 92, 149, 172, 191, 127, 151, 44, 90, 142, 75, 141, 146, 59, 113, 35, 135, 46, 130, 112, 61, 75, 72, 305, 99, 94, 64, 106, 60, 93, 169, 149, 47, 69, 46, 126, 67, 132, 165, 50, 164, 195, 130, 99, 81, 100, 79, 103, 141, 88, 158, 169, 80, 67, 77, 114, 51, 204, 64, 84, 123, 48, 146, 201, 182, 
 suboptimal_solution: 0, 0, 0, 0, 0, 0, 0, 0, 0, 0, 0, 0, 0, 0, 0, 0, 0, 0, 0, 0, 0, 0, 0, 0, 0, 0, 0, 0, 0, 0, 0, 0, 0, 0, 0, 0, 0, 0, 0, 0, 0, 0, 0, 0, 0, 0, 0, 0, 0, 0, 0, 0, 0, 0, 0, 0, 0, 0, 0, 0, 0, 0, 0, 0, 0, 0, 0, 0, 0, 0, 0, 0, 0, 0, 0, 0, 0, 0, 0, 0, 0, 0, 0, 0, 0, 0, 0, 0, 0, 0, 0, 0, 0, 0, 0, 0, 0, 0, 0, 0, 
IDA*
 explored_nodes: 372, 89, 908, 199, 95, 940, 221, 138, 501, 716, 485, 1064, 305, 298, 133, 150, 160, 148, 405, 214, 985, 293, 157, 249, 504, 264, 236, 559, 111, 263, 1121, 587, 91, 742, 301, 332, 175, 289, 242, 1289, 271, 508, 392, 611, 164, 359, 4129, 598, 480, 252, 590, 500, 380, 289, 755, 343, 242, 232, 1841, 623, 838, 862, 73, 136, 438, 232, 104, 510, 218, 102, 106, 957, 307, 189, 184, 388, 260, 549, 87, 369, 86, 216, 273, 616, 138, 460, 144, 177, 332, 345, 234, 258, 172, 533, 152, 258, 401, 211, 443, 1215, 
 suboptimal_solution: 0, 0, 0, 0, 0, 0, 0, 0, 0, 0, 0, 0, 0, 0, 0, 0, 0, 0, 0, 0, 0, 0, 0, 0, 0, 0, 0, 0, 0, 0, 0, 0, 0, 0, 0, 0, 0, 0, 0, 0, 0, 0, 0, 0, 0, 0, 0, 0, 0, 0, 0, 0, 0, 0, 0, 0, 0, 0, 0, 0, 0, 0, 0, 0, 0, 0, 0, 0, 0, 0, 0, 0, 0, 0, 0, 0, 0, 0, 0, 0, 0, 0, 0, 0, 0, 0, 0, 0, 0, 0, 0, 0, 0, 0, 0, 0, 0, 0, 0, 0, 

A* nodes average: 112.26
A* suboptimal average: 0.0
IDA* nodes average: 434.63
IDA* suboptimal average: 0.0


------end:------
A*
 explored_nodes: 153, 43, 44, 147, 65, 71, 155, 152, 42, 55, 44, 140, 117, 33, 114, 70, 195, 38, 98, 39, 75, 88, 147, 70, 71, 74, 67, 97, 70, 72, 71, 147, 64, 67, 136, 34, 88, 151, 146, 152, 115, 113, 44, 77, 114, 40, 102, 116, 38, 101, 44, 109, 44, 83, 75, 48, 71, 61, 278, 90, 43, 39, 90, 55, 80, 123, 126, 35, 47, 37, 115, 39, 98, 169, 39, 113, 165, 134, 93, 63, 92, 39, 87, 106, 65, 127, 133, 77, 76, 63, 121, 52, 169, 41, 65, 114, 34, 111, 140, 158, 
 suboptimal_solution: 0, 0, 0, 0, 0, 0, 0, 0, 0, 0, 0, 0, 0, 0, 0, 0, 0, 0, 0, 0, 0, 0, 0, 0, 0, 0, 0, 0, 0, 0, 0, 0, 0, 0, 0, 0, 0, 0, 0, 0, 0, 0, 0, 0, 0, 0, 0, 0, 0, 0, 0, 0, 0, 0, 0, 0, 0, 0, 0, 0, 0, 0, 0, 0, 0, 0, 0, 0, 0, 0, 0, 0, 0, 0, 0, 0, 0, 0, 0, 0, 0, 0, 0, 0, 0, 0, 0, 0, 0, 0, 0, 0, 0, 0, 0, 0, 0, 0, 0, 0, 
IDA*
 explored_nodes: 96, 139, 121, 133, 107, 217, 138, 74, 126, 115, 124, 186, 98, 106, 102, 129, 135, 60, 93, 121, 151, 133, 166, 205, 137, 113, 76, 87, 136, 83, 134, 136, 83, 67, 207, 65, 64, 169, 107, 131, 69, 174, 122, 280, 78, 89, 90, 116, 138, 81, 143, 66, 106, 224, 103, 137, 112, 111, 184, 110, 119, 81, 109, 238, 138, 157, 154, 140, 81, 54, 104, 104, 96, 105, 101, 131, 83, 113, 69, 84, 153, 102, 120, 104, 139, 109, 106, 111, 99, 112, 93, 94, 101, 180, 94, 98, 154, 89, 135, 125, 
 suboptimal_solution: 0, 0, 0, 0, 0, 0, 0, 0, 0, 0, 0, 0, 0, 0, 0, 0, 0, 0, 0, 0, 0, 0, 0, 0, 0, 0, 0, 0, 0, 0, 0, 0, 0, 0, 0, 0, 0, 0, 0, 0, 0, 0, 0, 0, 0, 0, 0, 0, 0, 0, 0, 0, 0, 0, 0, 0, 0, 0, 0, 0, 0, 0, 0, 0, 0, 0, 0, 0, 0, 0, 0, 0, 0, 0, 0, 0, 0, 0, 0, 0, 0, 0, 0, 0, 0, 0, 0, 0, 0, 0, 0, 0, 0, 0, 0, 0, 0, 0, 0, 0, 

A* nodes average: 90.38
A* suboptimal average: 0.0
IDA* nodes average: 119.82
IDA* suboptimal average: 0.0

