
------start:------
A*
 explored_nodes: 38, 35, 28, 27, 27, 40, 33, 25, 31, 30, 30, 32, 35, 38, 42, 36, 22, 34, 35, 35, 30, 27, 41, 31, 25, 45, 24, 34, 34, 24, 35, 26, 29, 25, 29, 29, 29, 30, 25, 30, 28, 33, 31, 29, 25, 29, 30, 29, 42, 25, 34, 37, 52, 31, 32, 28, 34, 45, 39, 35, 26, 40, 36, 31, 37, 21, 27, 35, 44, 36, 45, 34, 33, 39, 21, 29, 27, 38, 46, 32, 39, 27, 30, 20, 40, 29, 25, 52, 26, 32, 31, 27, 31, 27, 23, 27, 35, 38, 31, 53, 
 suboptimal_solution: 0, 0, 0, 0, 0, 0, 0, 0, 0, 0, 0, 0, 0, 0, 0, 0, 0, 0, 0, 0, 0, 0, 0, 0, 0, 0, 0, 0, 0, 0, 0, 0, 0, 0, 0, 0, 0, 0, 0, 0, 0, 0, 0, 0, 0, 0, 0, 0, 0, 0, 0, 0, 0, 0, 0, 0, 0, 0, 0, 0, 0, 0, 0, 0, 0, 0, 0, 0, 0, 0, 0, 0, 0, 0, 0, 0, 0, 0, 0, 0, 0, 0, 0, 0, 0, 0, 0, 2, 0, 0, 0, 0, 0, 0, 0, 0, 0, 0, 0, 0, 
IDA*
 explored_nodes: 443, 215, 167, 502, 38, 41, 230, 299, 328, 204, 369, 237, 273, 807, 321, 921, 563, 1913, 848, 204, 91, 140, 411, 176, 5162, 6412, 124, 362, 690, 504, 243, 4006, 455, 173, 502, 1010, 477, 177, 365, 190, 450, 1060, 1166, 71, 136, 80, 238, 303, 255, 200, 685, 861, 549, 97, 629, 188, 492, 319, 493, 123, 254, 288, 1474, 982, 1815, 366, 77, 1774, 1093, 626, 552, 662, 261, 88, 740, 573, 595, 492, 209, 1989, 208, 556, 300, 278, 403, 3227, 845, 133, 392, 679, 423, 814, 851, 213, 112, 296, 391, 944, 397, 109, 
 suboptimal_solution: 0, 0, 0, 0, 0, 0, 0, 0, 0, 0, 0, 0, 0, 0, 0, 0, 0, 0, 0, 0, 0, 0, 0, 0, 0, 0, 0, 0, 0, 0, 0, 0, 0, 0, 0, 0, 0, 0, 0, 0, 0, 0, 0, 0, 0, 0, 0, 0, 0, 0, 0, 0, 0, 0, 0, 0, 0, 0, 0, 0, 0, 0, 0, 0, 0, 0, 0, 0, 0, 0, 0, 0, 0, 0, 0, 0, 0, 0, 0, 0, 0, 0, 0, 0, 0, 0, 0, 0, 0, 0, 0, 0, 0, 0, 0, 0, 0, 0, 0, 0, 

A* nodes average: 32.43
A* suboptimal average: 0.02
IDA* nodes average: 654.69
IDA* suboptimal average: 0.0


------middle:------
A*
 explored_nodes: 26, 25, 30, 25, 35, 29, 41, 31, 19, 25, 20, 19, 42, 35, 33, 22, 37, 30, 32, 25, 28, 26, 29, 19, 23, 21, 29, 21, 30, 28, 29, 23, 22, 35, 28, 29, 29, 19, 46, 19, 27, 22, 20, 28, 40, 21, 30, 31, 30, 41, 44, 31, 31, 22, 20, 32, 26, 25, 19, 22, 36, 26, 29, 30, 34, 30, 19, 26, 20, 22, 23, 28, 34, 38, 36, 21, 23, 33, 29, 22, 30, 31, 30, 18, 27, 22, 31, 17, 32, 29, 29, 29, 40, 20, 19, 41, 32, 27, 25, 57, 
 suboptimal_solution: 0, 0, 0, 0, 0, 0, 0, 0, 0, 0, 0, 0, 0, 0, 0, 0, 0, 0, 0, 0, 0, 0, 0, 0, 0, 0, 0, 0, 0, 0, 0, 0, 0, 0, 0, 0, 0, 0, 0, 0, 0, 0, 0, 0, 0, 0, 0, 0, 0, 0, 0, 0, 0, 0, 0, 0, 0, 0, 0, 0, 0, 0, 0, 0, 0, 0, 0, 0, 0, 0, 0, 0, 0, 0, 0, 0, 0, 0, 0, 0, 0, 0, 0, 0, 0, 0, 0, 0, 0, 0, 0, 0, 0, 0, 0, 0, 0, 0, 0, 0, 
IDA*
 explored_nodes: 255, 176, 194, 596, 747, 92, 190, 318, 150, 122, 104, 71, 538, 424, 265, 651, 217, 592, 367, 50, 75, 1035, 495, 41, 233, 220, 321, 316, 91, 268, 1929, 275, 102, 192, 333, 817, 6075, 128, 570, 79, 524, 355, 53, 74, 481, 60, 486, 54, 87, 328, 271, 110, 945, 109, 333, 337, 180, 117, 412, 52, 530, 314, 169, 168, 356, 693, 94, 609, 123, 107, 118, 873, 225, 694, 531, 73, 131, 231, 107, 39, 65, 668, 299, 1063, 272, 390, 484, 185, 283, 183, 234, 1141, 318, 215, 178, 147, 354, 413, 243, 48, 
 suboptimal_solution: 0, 0, 0, 0, 0, 0, 0, 0, 0, 0, 0, 0, 0, 0, 0, 0, 0, 0, 0, 0, 0, 0, 0, 0, 0, 0, 0, 0, 0, 0, 0, 0, 0, 0, 0, 0, 0, 0, 0, 0, 0, 0, 0, 0, 0, 0, 0, 0, 0, 0, 0, 0, 0, 0, 0, 0, 0, 0, 0, 0, 0, 0, 0, 0, 0, 0, 0, 0, 0, 0, 0, 0, 0, 0, 0, 0, 0, 0, 0, 0, 0, 0, 0, 0, 0, 0, 0, 0, 0, 0, 0, 0, 0, 0, 0, 0, 0, 0, 0, 0, 

A* nodes average: 28.21
A* suboptimal average: 0.0
IDA* nodes average: 384.5
IDA* suboptimal average: 0.0


------end:------
A*
 explored_nodes: 19, 18, 18, 18, 19, 17, 19, 18, 20, 18, 19, 19, 21, 21, 20, 17, 18, 19, 18, 18, 26, 17, 27, 19, 27, 20, 19, 21, 17, 20, 19, 17, 18, 21, 18, 19, 19, 20, 18, 19, 19, 19, 16, 23, 19, 21, 22, 19, 21, 18, 18, 19, 19, 21, 22, 21, 20, 16, 18, 19, 23, 18, 21, 16, 17, 18, 16, 19, 24, 21, 18, 20, 20, 20, 18, 17, 18, 25, 18, 22, 25, 19, 20, 18, 20, 20, 16, 21, 22, 18, 21, 16, 18, 22, 17, 19, 21, 19, 21, 20, 
 suboptimal_solution: 0, 0, 0, 0, 0, 0, 0, 0, 0, 0, 0, 0, 0, 0, 0, 0, 0, 0, 0, 0, 0, 0, 0, 0, 0, 0, 0, 0, 0, 0, 0, 0, 0, 0, 0, 0, 0, 0, 0, 0, 0, 0, 0, 0, 0, 0, 0, 0, 0, 0, 0, 0, 0, 0, 0, 0, 0, 0, 0, 0, 0, 0, 0, 0, 0, 0, 0, 0, 0, 0, 0, 0, 0, 0, 0, 0, 0, 0, 0, 0, 0, 0, 0, 0, 0, 0, 0, 0, 0, 0, 0, 0, 0, 0, 0, 0, 0, 0, 0, 0, 
IDA*
 explored_nodes: 88, 71, 68, 45, 60, 52, 44, 90, 59, 94, 44, 44, 57, 54, 58, 93, 64, 124, 46, 83, 67, 37, 64, 103, 82, 77, 66, 62, 78, 54, 36, 59, 36, 59, 48, 105, 89, 68, 64, 277, 42, 68, 54, 77, 47, 64, 57, 38, 57, 35, 58, 89, 54, 54, 55, 149, 84, 43, 44, 115, 147, 78, 142, 47, 95, 38, 46, 42, 98, 42, 49, 69, 50, 47, 66, 49, 30, 95, 33, 54, 77, 76, 59, 37, 35, 66, 85, 49, 92, 53, 99, 60, 80, 91, 48, 49, 89, 42, 44, 37, 
 suboptimal_solution: 0, 0, 0, 0, 0, 0, 0, 0, 0, 0, 0, 0, 0, 0, 0, 0, 0, 0, 0, 0, 0, 0, 0, 0, 0, 0, 0, 0, 0, 0, 0, 0, 0, 0, 0, 0, 0, 0, 0, 0, 0, 0, 0, 0, 0, 0, 0, 0, 0, 0, 0, 0, 0, 0, 0, 0, 0, 0, 0, 0, 0, 0, 0, 0, 0, 0, 0, 0, 0, 0, 0, 0, 0, 0, 0, 0, 0, 0, 0, 0, 0, 0, 0, 0, 0, 0, 0, 0, 0, 0, 0, 0, 0, 0, 0, 0, 0, 0, 0, 0, 

A* nodes average: 19.47
A* suboptimal average: 0.0
IDA* nodes average: 67.38
IDA* suboptimal average: 0.0

