
------start:------
A*
 explored_nodes: 30, 26, 23, 24, 24, 26, 32, 24, 24, 25, 24, 22, 31, 32, 48, 18, 28, 28, 24, 20, 23, 17, 24, 25, 34, 24, 23, 27, 18, 21, 35, 24, 27, 21, 25, 21, 23, 24, 28, 25, 25, 26, 22, 25, 22, 35, 24, 26, 25, 24, 21, 29, 55, 24, 25, 25, 26, 28, 20, 27, 27, 23, 25, 22, 22, 20, 22, 24, 22, 30, 25, 26, 26, 30, 20, 22, 26, 19, 18, 28, 23, 25, 25, 20, 38, 19, 22, 22, 27, 31, 26, 24, 27, 21, 17, 24, 21, 20, 24, 23, 
 suboptimal_solution: 0, 0, 0, 0, 0, 0, 0, 0, 0, 0, 0, 0, 0, 0, 0, 0, 0, 0, 0, 0, 0, 0, 0, 0, 0, 0, 0, 0, 0, 0, 0, 0, 0, 0, 0, 0, 0, 0, 0, 0, 0, 0, 0, 0, 0, 0, 0, 0, 0, 0, 0, 0, 0, 0, 0, 0, 0, 0, 0, 0, 0, 0, 0, 0, 0, 0, 0, 0, 0, 0, 0, 0, 0, 0, 0, 0, 0, 0, 0, 0, 0, 0, 0, 0, 0, 0, 0, 0, 0, 0, 0, 0, 0, 0, 0, 0, 0, 0, 0, 0, 
IDA*
 explored_nodes: 114, 85, 112, 164, 272, 46, 192, 93, 280, 139, 70, 157, 333, 138, 324, 177, 77, 47, 151, 54, 63, 83, 126, 87, 150, 79, 61, 145, 89, 225, 99, 84, 170, 104, 144, 43, 366, 106, 92, 133, 127, 191, 197, 38, 420, 291, 154, 103, 69, 45, 121, 89, 303, 208, 195, 90, 195, 249, 75, 310, 284, 220, 230, 49, 282, 55, 69, 88, 185, 107, 64, 123, 111, 53, 115, 114, 159, 94, 199, 164, 41, 65, 59, 44, 238, 49, 65, 150, 109, 104, 176, 341, 145, 121, 138, 154, 144, 110, 111, 57, 
 suboptimal_solution: 0, 0, 0, 0, 0, 0, 0, 0, 0, 0, 0, 0, 0, 0, 0, 0, 0, 0, 0, 0, 0, 0, 0, 0, 0, 0, 0, 0, 0, 0, 0, 0, 0, 0, 0, 0, 0, 0, 0, 0, 0, 0, 0, 0, 0, 0, 0, 0, 0, 0, 0, 0, 0, 0, 0, 0, 0, 0, 0, 0, 0, 0, 0, 0, 0, 0, 0, 0, 0, 0, 0, 0, 0, 0, 0, 0, 0, 0, 0, 0, 0, 0, 0, 0, 0, 0, 0, 0, 0, 0, 0, 0, 0, 0, 0, 0, 0, 0, 0, 0, 

A* nodes average: 25.12
A* suboptimal average: 0.0
IDA* nodes average: 141.3
IDA* suboptimal average: 0.0


------middle:------
A*
 explored_nodes: 24, 22, 24, 25, 26, 28, 25, 18, 22, 24, 20, 28, 27, 25, 29, 20, 26, 27, 21, 23, 22, 27, 20, 28, 32, 21, 19, 24, 23, 20, 26, 25, 24, 21, 21, 19, 20, 33, 30, 24, 23, 20, 24, 35, 20, 17, 26, 24, 21, 19, 29, 21, 25, 27, 23, 19, 21, 22, 23, 26, 29, 29, 29, 23, 23, 23, 22, 22, 24, 28, 19, 19, 26, 32, 27, 23, 25, 21, 25, 18, 30, 29, 20, 19, 30, 23, 20, 24, 27, 21, 26, 26, 20, 26, 22, 24, 28, 27, 19, 25, 
 suboptimal_solution: 0, 0, 0, 0, 0, 0, 0, 0, 0, 0, 0, 0, 0, 0, 0, 0, 0, 0, 0, 0, 0, 0, 0, 0, 0, 0, 0, 0, 0, 0, 0, 0, 0, 0, 0, 0, 0, 0, 0, 0, 0, 0, 0, 0, 0, 0, 0, 0, 0, 0, 0, 0, 0, 0, 0, 0, 0, 0, 0, 0, 0, 0, 0, 0, 0, 0, 0, 0, 0, 0, 0, 0, 0, 0, 0, 0, 0, 0, 0, 0, 0, 0, 0, 0, 0, 0, 0, 0, 0, 0, 0, 0, 0, 0, 0, 0, 0, 0, 0, 0, 
IDA*
 explored_nodes: 91, 129, 104, 60, 78, 58, 198, 70, 816, 267, 118, 483, 97, 53, 32, 60, 187, 250, 104, 58, 46, 450, 37, 69, 194, 101, 43, 95, 59, 45, 367, 97, 56, 140, 58, 96, 106, 927, 94, 186, 169, 168, 82, 189, 90, 80, 85, 39, 52, 66, 160, 260, 159, 103, 169, 193, 63, 83, 157, 89, 231, 91, 187, 78, 201, 102, 47, 79, 443, 44, 94, 155, 115, 94, 846, 38, 161, 65, 63, 51, 29, 1048, 403, 510, 261, 207, 66, 30, 80, 47, 63, 102, 160, 925, 88, 147, 201, 295, 32, 45, 
 suboptimal_solution: 0, 0, 0, 0, 0, 0, 0, 0, 0, 0, 0, 0, 0, 0, 0, 0, 0, 0, 0, 0, 0, 0, 0, 0, 0, 0, 0, 0, 0, 0, 0, 0, 0, 0, 0, 0, 0, 0, 0, 0, 0, 0, 0, 0, 0, 0, 0, 0, 0, 0, 0, 0, 0, 0, 0, 0, 0, 0, 0, 0, 0, 0, 0, 0, 0, 0, 0, 0, 0, 0, 0, 0, 0, 0, 0, 0, 0, 0, 0, 0, 0, 0, 0, 0, 0, 0, 0, 0, 0, 0, 0, 0, 0, 0, 0, 0, 0, 0, 0, 0, 

A* nodes average: 24.01
A* suboptimal average: 0.0
IDA* nodes average: 169.59
IDA* suboptimal average: 0.0


------end:------
A*
 explored_nodes: 18, 18, 17, 16, 18, 16, 18, 19, 17, 16, 18, 17, 16, 17, 18, 20, 16, 18, 16, 17, 18, 16, 19, 16, 17, 18, 20, 17, 18, 17, 20, 18, 18, 19, 17, 16, 17, 16, 16, 18, 17, 18, 16, 17, 16, 18, 18, 17, 18, 16, 18, 18, 16, 18, 18, 17, 17, 16, 16, 18, 17, 16, 18, 18, 17, 16, 16, 16, 17, 16, 17, 17, 19, 17, 17, 17, 17, 18, 18, 16, 18, 17, 21, 17, 19, 17, 18, 17, 17, 16, 17, 17, 18, 16, 19, 18, 18, 18, 17, 22, 
 suboptimal_solution: 0, 0, 0, 0, 0, 0, 0, 0, 0, 0, 0, 0, 0, 0, 0, 0, 0, 0, 0, 0, 0, 0, 0, 0, 0, 0, 0, 0, 0, 0, 0, 0, 0, 0, 0, 0, 0, 0, 0, 0, 0, 0, 0, 0, 0, 0, 0, 0, 0, 0, 0, 0, 0, 0, 0, 0, 0, 0, 0, 0, 0, 0, 0, 0, 0, 0, 0, 0, 0, 0, 0, 0, 0, 0, 0, 0, 0, 0, 0, 0, 0, 0, 0, 0, 0, 0, 0, 0, 0, 0, 0, 0, 0, 0, 0, 0, 0, 0, 0, 0, 
IDA*
 explored_nodes: 60, 38, 33, 37, 41, 33, 53, 61, 41, 43, 35, 59, 46, 37, 54, 59, 35, 44, 40, 37, 35, 32, 34, 79, 50, 40, 68, 35, 42, 30, 40, 50, 40, 39, 58, 87, 41, 34, 46, 75, 40, 44, 33, 26, 40, 83, 37, 31, 43, 36, 34, 41, 37, 42, 66, 42, 44, 39, 41, 70, 51, 48, 40, 47, 43, 32, 33, 42, 46, 28, 34, 40, 41, 42, 46, 43, 35, 30, 49, 54, 32, 43, 33, 37, 30, 37, 70, 48, 58, 36, 41, 46, 55, 41, 39, 51, 37, 44, 43, 44, 
 suboptimal_solution: 0, 0, 0, 0, 0, 0, 0, 0, 0, 0, 0, 0, 0, 0, 0, 0, 0, 0, 0, 0, 0, 0, 0, 0, 0, 0, 0, 0, 0, 0, 0, 0, 0, 0, 0, 0, 0, 0, 0, 0, 0, 0, 0, 0, 0, 0, 0, 0, 0, 0, 0, 0, 0, 0, 0, 0, 0, 0, 0, 0, 0, 0, 0, 0, 0, 0, 0, 0, 0, 0, 0, 0, 0, 0, 0, 0, 0, 0, 0, 0, 0, 0, 0, 0, 0, 0, 0, 0, 0, 0, 0, 0, 0, 0, 0, 0, 0, 0, 0, 0, 

A* nodes average: 17.37
A* suboptimal average: 0.0
IDA* nodes average: 43.99
IDA* suboptimal average: 0.0

