
------start:------
A*
 explored_nodes: 41, 48, 31, 31, 37, 27, 27, 27, 82, 24, 29, 23, 26, 25, 40, 43, 27, 29, 25, 25, 45, 25, 26, 42, 46, 57, 24, 44, 22, 22, 22, 27, 33, 34, 23, 45, 28, 67, 45, 43, 34, 25, 24, 27, 27, 25, 44, 30, 49, 43, 46, 28, 34, 25, 42, 48, 59, 49, 45, 48, 25, 46, 46, 41, 69, 28, 21, 49, 43, 26, 24, 42, 26, 59, 25, 26, 24, 48, 49, 29, 31, 30, 27, 39, 26, 53, 58, 26, 25, 27, 56, 23, 60, 23, 25, 47, 26, 64, 32, 46, 
 suboptimal_solution: 0, 0, 0, 0, 0, 0, 0, 0, 0, 0, 0, 0, 0, 0, 0, 0, 0, 0, 0, 0, 0, 0, 0, 0, 0, 0, 0, 0, 0, 0, 0, 0, 0, 0, 0, 0, 0, 0, 0, 0, 0, 0, 0, 0, 0, 0, 0, 0, 0, 0, 0, 0, 0, 0, 0, 0, 0, 0, 0, 0, 0, 0, 0, 0, 0, 0, 0, 0, 0, 0, 0, 0, 0, 0, 0, 0, 0, 0, 0, 0, 0, 0, 0, 0, 0, 0, 0, 0, 0, 0, 0, 0, 0, 0, 0, 0, 0, 0, 0, 0, 
IDA*
 explored_nodes: 54, 62, 61, 62, 79, 61, 35, 53, 69, 41, 53, 69, 48, 59, 55, 44, 58, 53, 45, 58, 51, 60, 83, 54, 43, 57, 51, 84, 55, 44, 46, 55, 77, 39, 43, 62, 67, 44, 44, 57, 53, 49, 75, 63, 66, 98, 48, 70, 71, 49, 60, 65, 53, 83, 56, 103, 69, 48, 55, 55, 59, 51, 47, 83, 47, 58, 47, 82, 49, 46, 64, 53, 77, 50, 51, 77, 67, 45, 84, 71, 52, 56, 115, 46, 65, 41, 69, 52, 47, 83, 88, 60, 54, 66, 52, 44, 80, 68, 82, 52, 
 suboptimal_solution: 0, 0, 0, 0, 0, 0, 0, 0, 0, 0, 0, 0, 0, 0, 0, 0, 0, 0, 0, 0, 0, 0, 0, 0, 0, 0, 0, 0, 0, 0, 0, 0, 0, 0, 0, 0, 0, 0, 0, 0, 0, 0, 0, 0, 0, 0, 0, 0, 0, 0, 0, 0, 0, 0, 0, 0, 0, 0, 0, 0, 0, 0, 0, 0, 0, 0, 0, 0, 0, 0, 0, 0, 0, 0, 0, 0, 0, 0, 0, 0, 0, 0, 0, 0, 0, 0, 0, 0, 0, 0, 0, 0, 0, 0, 0, 0, 0, 0, 0, 0, 

A* nodes average: 36.29
A* suboptimal average: 0.0
IDA* nodes average: 60.04
IDA* suboptimal average: 0.0


------middle:------
A*
 explored_nodes: 39, 45, 23, 27, 35, 26, 23, 26, 75, 24, 25, 29, 22, 24, 35, 48, 26, 23, 30, 24, 44, 25, 22, 42, 55, 54, 24, 45, 23, 23, 23, 26, 34, 38, 25, 40, 33, 68, 43, 40, 35, 25, 25, 27, 27, 25, 46, 30, 46, 48, 42, 25, 31, 25, 48, 49, 63, 41, 46, 43, 23, 39, 41, 50, 70, 32, 26, 47, 44, 24, 25, 40, 30, 55, 24, 22, 31, 51, 47, 26, 24, 32, 25, 40, 27, 41, 47, 26, 26, 25, 46, 25, 50, 23, 26, 46, 29, 71, 29, 40, 
 suboptimal_solution: 0, 0, 0, 0, 0, 0, 0, 0, 0, 0, 0, 0, 0, 0, 0, 0, 0, 0, 0, 0, 0, 0, 0, 0, 0, 0, 0, 0, 0, 0, 0, 0, 0, 0, 0, 0, 0, 0, 0, 0, 0, 0, 0, 0, 0, 0, 0, 0, 0, 0, 0, 0, 0, 0, 0, 0, 0, 0, 0, 0, 0, 0, 0, 0, 0, 0, 0, 0, 0, 0, 0, 0, 0, 0, 0, 0, 0, 0, 0, 0, 0, 0, 0, 0, 0, 0, 0, 0, 0, 0, 0, 0, 0, 0, 0, 0, 0, 0, 0, 0, 
IDA*
 explored_nodes: 50, 48, 48, 47, 75, 94, 49, 59, 56, 38, 50, 78, 46, 57, 45, 53, 59, 43, 52, 58, 46, 51, 47, 60, 93, 48, 58, 44, 60, 41, 44, 61, 48, 41, 43, 48, 54, 53, 41, 45, 52, 43, 84, 54, 123, 60, 77, 70, 77, 53, 51, 75, 48, 54, 61, 63, 60, 52, 38, 58, 46, 46, 41, 65, 45, 83, 78, 53, 57, 46, 56, 45, 80, 43, 59, 64, 54, 47, 76, 58, 59, 56, 58, 43, 50, 38, 64, 62, 84, 52, 51, 61, 57, 46, 61, 42, 101, 63, 51, 46, 
 suboptimal_solution: 0, 0, 0, 0, 0, 0, 0, 0, 0, 0, 0, 0, 0, 0, 0, 0, 0, 0, 0, 0, 0, 0, 0, 0, 0, 0, 0, 0, 0, 0, 0, 0, 0, 0, 0, 0, 0, 0, 0, 0, 0, 0, 0, 0, 0, 0, 0, 0, 0, 0, 0, 0, 0, 0, 0, 0, 0, 0, 0, 0, 0, 0, 0, 0, 0, 0, 0, 0, 0, 0, 0, 0, 0, 0, 0, 0, 0, 0, 0, 0, 0, 0, 0, 0, 0, 0, 0, 0, 0, 0, 0, 0, 0, 0, 0, 0, 0, 0, 0, 0, 

A* nodes average: 35.48
A* suboptimal average: 0.0
IDA* nodes average: 56.71
IDA* suboptimal average: 0.0


------end:------
A*
 explored_nodes: 37, 44, 21, 27, 29, 22, 22, 21, 68, 21, 23, 21, 23, 21, 35, 37, 21, 21, 21, 21, 39, 22, 24, 38, 40, 44, 22, 42, 22, 23, 22, 22, 27, 34, 21, 42, 26, 66, 38, 39, 32, 22, 22, 23, 21, 22, 37, 28, 41, 42, 40, 21, 26, 21, 39, 44, 51, 40, 41, 37, 22, 40, 39, 37, 62, 22, 22, 40, 41, 21, 23, 36, 21, 49, 22, 22, 23, 45, 43, 21, 24, 27, 21, 38, 22, 39, 44, 22, 21, 22, 45, 22, 42, 21, 22, 36, 26, 57, 26, 37, 
 suboptimal_solution: 0, 0, 0, 0, 0, 0, 0, 0, 0, 0, 0, 0, 0, 0, 0, 0, 0, 0, 0, 0, 0, 0, 0, 0, 0, 0, 0, 0, 0, 0, 0, 0, 0, 0, 0, 0, 0, 0, 0, 0, 0, 0, 0, 0, 0, 0, 0, 0, 0, 0, 0, 0, 0, 0, 0, 0, 0, 0, 0, 0, 0, 0, 0, 0, 0, 0, 0, 0, 0, 0, 0, 0, 0, 0, 0, 0, 0, 0, 0, 0, 0, 0, 0, 0, 0, 0, 0, 0, 0, 0, 0, 0, 0, 0, 0, 0, 0, 0, 0, 0, 
IDA*
 explored_nodes: 47, 52, 42, 43, 45, 48, 37, 40, 44, 41, 40, 49, 39, 45, 42, 41, 43, 41, 40, 40, 38, 47, 47, 43, 38, 44, 42, 57, 42, 49, 44, 41, 39, 36, 37, 48, 44, 43, 43, 43, 50, 44, 61, 47, 44, 47, 42, 45, 44, 50, 48, 47, 42, 44, 44, 44, 43, 50, 38, 48, 39, 42, 39, 40, 41, 46, 44, 40, 45, 42, 47, 40, 52, 43, 39, 45, 45, 38, 47, 41, 45, 47, 45, 39, 47, 38, 38, 52, 39, 45, 53, 41, 39, 47, 38, 40, 48, 48, 38, 47, 
 suboptimal_solution: 0, 0, 0, 0, 0, 0, 0, 0, 0, 0, 0, 0, 0, 0, 0, 0, 0, 0, 0, 0, 0, 0, 0, 0, 0, 0, 0, 0, 0, 0, 0, 0, 0, 0, 0, 0, 0, 0, 0, 0, 0, 0, 0, 0, 0, 0, 0, 0, 0, 0, 0, 0, 0, 0, 0, 0, 0, 0, 0, 0, 0, 0, 0, 0, 0, 0, 0, 0, 0, 0, 0, 0, 0, 0, 0, 0, 0, 0, 0, 0, 0, 0, 0, 0, 0, 0, 0, 0, 0, 0, 0, 0, 0, 0, 0, 0, 0, 0, 0, 0, 

A* nodes average: 31.24
A* suboptimal average: 0.0
IDA* nodes average: 43.75
IDA* suboptimal average: 0.0

