
------start:------
A*
 explored_nodes: 37, 45, 38, 29, 43, 48, 40, 62, 53, 42, 80, 29, 44, 43, 45, 32, 35, 41, 42, 54, 105, 58, 45, 54, 38, 53, 39, 90, 37, 45, 70, 36, 43, 35, 31, 69, 38, 38, 47, 36, 46, 49, 61, 32, 63, 34, 28, 57, 37, 33, 40, 42, 36, 55, 68, 55, 32, 60, 45, 50, 45, 37, 35, 37, 52, 71, 61, 37, 73, 56, 39, 28, 32, 44, 61, 35, 33, 30, 43, 38, 46, 66, 65, 49, 44, 36, 37, 45, 34, 51, 48, 44, 60, 31, 44, 32, 46, 53, 36, 45, 
 suboptimal_solution: 0, 2, 0, 0, 0, 0, 0, 0, 0, 2, 2, 0, 0, 2, 0, 0, 0, 2, 0, 0, 4, 0, 0, 0, 2, 0, 0, 2, 0, 0, 2, 0, 0, 0, 0, 0, 2, 0, 0, 0, 0, 0, 0, 0, 0, 0, 0, 2, 2, 0, 4, 0, 0, 0, 0, 2, 0, 2, 0, 2, 2, 0, 0, 0, 2, 2, 0, 0, 0, 4, 0, 0, 0, 2, 2, 0, 0, 0, 0, 0, 2, 2, 2, 0, 0, 0, 0, 0, 0, 0, 0, 0, 0, 0, 0, 0, 2, 0, 0, 0, 
IDA*
 explored_nodes: 228, 626, 141, 276, 448, 1509, 463, 467, 557, 371, 923, 220, 246, 553, 441, 102, 162, 685, 430, 325, 605, 196, 384, 942, 317, 1187, 162, 1298, 366, 180, 1626, 452, 564, 137, 495, 968, 264, 283, 872, 241, 788, 289, 1110, 204, 295, 659, 108, 2477, 321, 394, 1196, 999, 184, 474, 10342, 329, 521, 1269, 224, 465, 1347, 612, 500, 398, 194, 945, 478, 844, 562, 260, 687, 144, 236, 224, 2836, 179, 148, 128, 95, 270, 292, 1252, 1065, 316, 1179, 210, 338, 152, 188, 2312, 740, 289, 305, 175, 523, 192, 891, 267, 169, 361, 
 suboptimal_solution: 6, 8, 4, 6, 6, 6, 4, 6, 6, 6, 6, 4, 6, 6, 4, 2, 4, 6, 6, 6, 8, 6, 4, 6, 6, 6, 6, 6, 4, 4, 6, 4, 4, 4, 6, 8, 6, 6, 6, 6, 4, 4, 8, 4, 4, 4, 4, 6, 6, 4, 8, 6, 4, 6, 8, 6, 6, 8, 4, 6, 6, 6, 6, 6, 6, 6, 4, 6, 6, 8, 6, 4, 4, 6, 8, 4, 4, 4, 6, 6, 6, 6, 6, 4, 6, 4, 4, 6, 4, 8, 6, 8, 6, 4, 6, 4, 8, 4, 4, 4, 

A* nodes average: 46.11
A* suboptimal average: 0.58
IDA* nodes average: 656.63
IDA* suboptimal average: 5.5


------middle:------
A*
 explored_nodes: 35, 34, 37, 29, 73, 37, 34, 35, 33, 33, 39, 42, 43, 49, 27, 42, 31, 52, 70, 29, 41, 40, 32, 51, 54, 42, 44, 32, 48, 39, 41, 38, 33, 39, 34, 30, 48, 59, 48, 49, 58, 64, 29, 45, 36, 38, 31, 42, 51, 72, 34, 54, 45, 66, 41, 29, 59, 38, 55, 37, 42, 64, 31, 42, 40, 46, 54, 63, 70, 39, 53, 34, 42, 57, 36, 52, 37, 41, 26, 60, 55, 66, 40, 45, 37, 45, 51, 35, 43, 34, 30, 33, 39, 34, 37, 38, 33, 28, 55, 37, 
 suboptimal_solution: 0, 0, 0, 0, 0, 0, 0, 0, 0, 0, 2, 0, 0, 2, 0, 0, 0, 2, 0, 0, 2, 0, 0, 0, 0, 0, 0, 0, 0, 0, 2, 0, 0, 0, 0, 0, 0, 0, 0, 0, 0, 2, 0, 0, 0, 0, 0, 0, 2, 2, 2, 2, 0, 0, 0, 0, 0, 0, 0, 0, 2, 2, 0, 0, 0, 0, 0, 0, 0, 0, 2, 0, 0, 0, 0, 0, 0, 0, 0, 2, 2, 2, 0, 2, 0, 0, 0, 0, 0, 0, 0, 0, 0, 0, 0, 0, 2, 0, 2, 0, 
IDA*
 explored_nodes: 268, 304, 197, 270, 620, 365, 346, 190, 376, 255, 198, 582, 420, 469, 77, 355, 90, 1650, 579, 248, 425, 271, 178, 617, 220, 283, 1430, 225, 583, 202, 458, 141, 117, 407, 258, 168, 1398, 408, 345, 215, 708, 903, 243, 350, 235, 401, 102, 291, 347, 605, 903, 397, 368, 684, 331, 288, 2933, 293, 1747, 463, 1831, 415, 306, 579, 495, 404, 1285, 2479, 418, 253, 122, 417, 185, 643, 329, 418, 389, 679, 218, 4369, 670, 845, 368, 1999, 302, 432, 587, 200, 499, 256, 194, 311, 441, 281, 269, 1931, 410, 310, 480, 207, 
 suboptimal_solution: 4, 6, 4, 4, 8, 6, 4, 4, 6, 4, 4, 6, 4, 6, 4, 4, 2, 8, 4, 6, 4, 2, 4, 4, 4, 6, 6, 6, 6, 4, 10, 2, 4, 4, 4, 4, 4, 4, 4, 6, 6, 6, 4, 4, 4, 6, 4, 6, 6, 6, 6, 6, 6, 6, 4, 4, 8, 4, 4, 6, 8, 8, 6, 4, 6, 4, 6, 10, 6, 4, 4, 8, 6, 4, 8, 4, 4, 6, 4, 8, 8, 8, 4, 8, 4, 4, 4, 6, 6, 6, 6, 4, 4, 4, 4, 6, 8, 4, 4, 4, 

A* nodes average: 43.14
A* suboptimal average: 0.38
IDA* nodes average: 560.26
IDA* suboptimal average: 5.2


------end:------
A*
 explored_nodes: 337, 158, 66, 124, 98, 218, 207, 168, 78, 417, 365, 206, 123, 99, 156, 82, 153, 97, 81, 103, 235, 166, 120, 186, 115, 105, 54, 174, 62, 215, 69, 179, 189, 72, 111, 56, 114, 111, 112, 133, 113, 136, 136, 65, 107, 96, 140, 201, 252, 71, 80, 123, 80, 313, 109, 144, 238, 62, 262, 282, 293, 56, 106, 123, 74, 119, 149, 80, 140, 57, 128, 75, 89, 159, 72, 238, 119, 150, 127, 85, 73, 26, 162, 161, 150, 204, 139, 131, 88, 88, 145, 84, 137, 110, 85, 155, 129, 333, 104, 125, 
 suboptimal_solution: 0, 2, 0, 0, 0, 0, 0, 0, 0, 2, 2, 0, 0, 0, 0, 0, 0, 0, 0, 0, 2, 0, 0, 2, 0, 0, 0, 0, 0, 2, 0, 0, 0, 0, 0, 0, 0, 0, 0, 0, 0, 0, 0, 0, 0, 0, 0, 0, 0, 0, 0, 0, 0, 0, 0, 0, 2, 0, 0, 0, 2, 0, 0, 0, 0, 0, 0, 0, 0, 0, 0, 0, 0, 0, 0, 0, 0, 0, 0, 0, 0, 0, 0, 0, 0, 0, 0, 0, 0, 0, 0, 2, 0, 0, 0, 0, 2, 0, 0, 0, 
IDA*
 explored_nodes: 9219, 65807, 913, 1922, 1217, 10778, 3217, 2380, 824, 14924, 4065, 3924, 2466, 3079, 3235, 1480, 7704, 744, 1724, 1026, 8674, 2054, 2152, 6126, 1777, 1946, 1476, 2065, 712, 8904, 1254, 2967, 5098, 866, 2618, 762, 1997, 5376, 1412, 682, 2742, 3172, 3941, 1048, 945, 2207, 6331, 2205, 13133, 854, 4776, 4404, 3428, 7433, 2372, 5723, 14405, 1307, 5785, 17807, 11248, 870, 3613, 1042, 534, 1863, 3268, 4776, 6005, 652, 2335, 6694, 1239, 2723, 789, 6235, 1739, 5544, 1830, 1469, 506, 78, 5225, 2803, 1540, 3015, 6846, 2914, 1552, 1552, 3173, 894, 1576, 1378, 1532, 14715, 3882, 23529, 637, 2795, 
 suboptimal_solution: 4, 6, 2, 2, 2, 4, 2, 2, 2, 4, 4, 2, 2, 4, 2, 2, 4, 2, 2, 2, 4, 2, 2, 4, 2, 2, 2, 2, 2, 4, 2, 2, 4, 0, 2, 2, 2, 4, 2, 2, 2, 2, 4, 2, 2, 4, 4, 2, 4, 2, 4, 4, 4, 2, 2, 4, 4, 2, 2, 4, 4, 2, 4, 2, 2, 2, 2, 4, 4, 2, 2, 4, 2, 2, 2, 4, 2, 4, 2, 2, 2, 0, 4, 2, 2, 2, 4, 4, 2, 2, 2, 2, 0, 2, 2, 2, 2, 4, 2, 2, 

A* nodes average: 139.92
A* suboptimal average: 0.2
IDA* nodes average: 4481.94
IDA* suboptimal average: 2.62

