
------start:------
A*
 explored_nodes: 57, 39, 55, 76, 64, 60, 73, 53, 32, 76, 56, 68, 111, 66, 79, 40, 112, 37, 33, 55, 78, 42, 46, 97, 82, 71, 76, 36, 49, 72, 47, 167, 57, 107, 84, 35, 69, 91, 60, 82, 49, 70, 76, 78, 52, 86, 36, 65, 39, 98, 92, 38, 93, 51, 48, 56, 38, 75, 68, 103, 129, 41, 86, 65, 43, 93, 47, 54, 54, 96, 66, 76, 133, 116, 51, 75, 41, 43, 100, 75, 46, 43, 63, 31, 44, 98, 33, 35, 76, 97, 54, 50, 40, 53, 64, 64, 67, 78, 86, 36, 
 suboptimal_solution: 2, 2, 2, 4, 0, 2, 4, 2, 2, 6, 4, 6, 0, 6, 0, 0, 6, 0, 0, 2, 8, 0, 0, 4, 2, 2, 0, 0, 6, 0, 2, 6, 6, 0, 6, 0, 4, 6, 2, 6, 6, 4, 4, 4, 0, 0, 0, 2, 0, 4, 2, 0, 2, 4, 8, 2, 0, 4, 2, 4, 0, 2, 0, 2, 0, 2, 0, 0, 0, 2, 4, 4, 10, 4, 0, 2, 2, 0, 4, 2, 0, 2, 2, 0, 0, 6, 0, 0, 4, 2, 0, 0, 0, 4, 4, 2, 0, 0, 4, 0, 
IDA*
 explored_nodes: 3680, 1090, 5503, 28046, 2040, 12611, 5233, 54042, 375, 7521, 13841, 48662, 81432, 18408, 28676, 3700, 29869, 2220, 298, 935, 4277, 2349, 2404, 4768, 9481, 1114, 1738, 463, 7725, 36294, 469, 33676, 15493, 78758, 52451, 886, 114971, 9855, 5107, 39224, 1583, 7202, 42747, 12876, 9171, 3508, 4926, 3585, 283, 1403, 6920, 1648, 5208, 10802, 12328, 9046, 3013, 19367, 4018, 24059, 22269, 4291, 16061, 13718, 4101, 14113, 169, 1104, 3483, 69748, 6310, 25273, 18082, 16903, 20794, 24943, 927, 4112, 12104, 8153, 130, 183, 1429, 247, 1200, 46998, 847, 887, 12617, 9170, 6457, 1200, 1599, 2602, 22713, 882, 10790, 13262, 1334, 864, 
 suboptimal_solution: 8, 10, 10, 10, 10, 10, 12, 14, 8, 14, 12, 14, 12, 8, 12, 10, 12, 8, 6, 10, 14, 10, 12, 10, 12, 10, 12, 6, 10, 12, 8, 14, 16, 12, 12, 8, 14, 12, 12, 16, 12, 12, 14, 12, 12, 10, 16, 12, 8, 14, 10, 8, 10, 10, 14, 10, 14, 10, 10, 12, 14, 10, 12, 12, 10, 10, 12, 10, 10, 10, 12, 12, 14, 14, 10, 12, 12, 8, 12, 12, 8, 10, 10, 12, 10, 16, 10, 10, 10, 10, 10, 8, 8, 8, 14, 8, 10, 10, 8, 8, 

A* nodes average: 66.43
A* suboptimal average: 2.32
IDA* nodes average: 13754.47
IDA* suboptimal average: 10.98


------middle:------
A*
 explored_nodes: 38, 63, 45, 50, 53, 62, 62, 73, 72, 57, 79, 54, 39, 82, 46, 39, 40, 51, 33, 40, 62, 60, 55, 45, 55, 34, 51, 63, 34, 77, 37, 36, 35, 101, 62, 99, 40, 58, 53, 35, 41, 43, 56, 50, 77, 51, 38, 40, 41, 35, 45, 44, 37, 45, 41, 63, 50, 56, 62, 64, 76, 66, 29, 85, 45, 59, 62, 34, 92, 91, 34, 50, 56, 57, 33, 57, 35, 38, 39, 44, 32, 85, 54, 30, 53, 47, 53, 70, 69, 52, 40, 53, 53, 47, 43, 59, 83, 34, 46, 58, 
 suboptimal_solution: 4, 2, 2, 0, 4, 0, 4, 8, 0, 4, 2, 6, 2, 4, 6, 2, 0, 2, 0, 0, 0, 0, 4, 0, 0, 0, 0, 4, 0, 8, 0, 0, 0, 6, 2, 4, 0, 2, 0, 2, 0, 2, 0, 0, 0, 2, 0, 2, 2, 0, 4, 0, 0, 0, 0, 2, 2, 4, 6, 2, 2, 2, 0, 0, 2, 4, 4, 2, 2, 0, 2, 4, 2, 4, 0, 6, 0, 2, 0, 2, 0, 2, 0, 0, 4, 0, 6, 0, 4, 0, 0, 4, 2, 2, 4, 4, 2, 0, 2, 0, 
IDA*
 explored_nodes: 7863, 574, 930, 833, 3269, 725, 2091, 1331, 2187, 4096, 5002, 2742, 6149, 27672, 35002, 417, 963, 1367, 754, 1439, 1383, 2611, 2551, 1790, 5326, 401, 296, 1181, 1651, 138948, 2847, 712, 1821, 3012, 8676, 24150, 223, 15045, 5504, 571, 1196, 1640, 1505, 3584, 13262, 695, 303, 326, 376, 346, 1606, 1144, 388, 1800, 2259, 2685, 3764, 5032, 18365, 6943, 7372, 5622, 389, 8885, 1174, 10569, 4483, 144, 22523, 117654, 305, 498, 389, 3814, 190, 6758, 254, 589, 737, 978, 3584, 6775, 1761, 171, 2723, 1448, 1341, 7231, 14940, 1968, 655, 2150, 2493, 1096, 3129, 4347, 7682, 1260, 2638, 9365, 
 suboptimal_solution: 12, 10, 10, 6, 8, 14, 10, 12, 8, 12, 12, 12, 10, 6, 12, 8, 8, 8, 6, 10, 8, 10, 12, 8, 10, 4, 10, 12, 8, 16, 8, 8, 10, 8, 10, 12, 8, 10, 10, 8, 10, 10, 6, 10, 12, 10, 6, 8, 8, 4, 10, 10, 10, 10, 6, 10, 12, 8, 14, 12, 12, 12, 6, 8, 10, 12, 14, 8, 10, 12, 10, 12, 10, 12, 8, 12, 4, 6, 8, 18, 12, 12, 8, 4, 14, 10, 10, 14, 10, 8, 6, 10, 8, 10, 8, 14, 12, 6, 8, 8, 

A* nodes average: 52.92
A* suboptimal average: 1.88
IDA* nodes average: 6614.08
IDA* suboptimal average: 9.66


------end:------
A*
 explored_nodes: 141, 194, 367, 241, 223, 41, 183, 584, 73, 245, 210, 163, 163, 187, 291, 593, 68, 143, 81, 127, 192, 107, 104, 51, 133, 403, 74, 207, 164, 266, 201, 201, 94, 58, 308, 175, 146, 58, 289, 225, 93, 186, 150, 128, 142, 83, 50, 160, 93, 40, 206, 376, 180, 160, 479, 207, 81, 128, 47, 212, 124, 33, 285, 131, 266, 318, 439, 50, 293, 43, 139, 117, 259, 353, 188, 194, 76, 137, 136, 157, 308, 72, 206, 88, 446, 459, 638, 276, 438, 616, 105, 185, 216, 169, 83, 40, 137, 484, 154, 43, 
 suboptimal_solution: 2, 2, 2, 2, 0, 0, 2, 2, 0, 2, 4, 0, 0, 2, 2, 6, 0, 0, 0, 2, 0, 0, 0, 0, 0, 0, 0, 2, 2, 4, 2, 2, 0, 0, 0, 2, 2, 0, 0, 4, 0, 0, 0, 0, 2, 0, 0, 4, 0, 0, 2, 2, 2, 2, 4, 2, 2, 0, 0, 4, 0, 0, 0, 0, 4, 4, 4, 0, 2, 0, 2, 0, 4, 2, 0, 2, 2, 0, 0, 0, 2, 2, 0, 2, 0, 6, 4, 0, 2, 4, 0, 0, 2, 0, 2, 2, 0, 0, 0, 0, 
IDA*
 explored_nodes: 15215, 8854, 31017, 9084, 2883, 578, 14405, 110396, 3030, 11109, 29461, 4814, 8277, 10993, 17380, 140089, 343, 2721, 13155, 4648, 10311, 905, 16507, 963, 27342, 58219, 5951, 15166, 7556, 47991, 13453, 20239, 7679, 1996, 29906, 46999, 5214, 3070, 41163, 176846, 7523, 41395, 11834, 3177, 3995, 8373, 943, 34039, 3059, 336, 37844, 38787, 14465, 18295, 114794, 5896, 2691, 101088, 274, 52229, 12153, 198, 81509, 14667, 23465, 38474, 129673, 919, 16507, 228, 6883, 8780, 21021, 31640, 7948, 21816, 12581, 8447, 13796, 48950, 10091, 1241, 7711, 4580, 186874, 399191, 40410, 67881, 28936, 211731, 1703, 31683, 2468, 7249, 1105, 515, 11773, 74277, 16960, 527, 
 suboptimal_solution: 6, 4, 8, 4, 6, 4, 6, 8, 4, 6, 8, 6, 4, 4, 6, 6, 4, 4, 6, 4, 6, 4, 6, 2, 6, 8, 4, 4, 4, 8, 6, 6, 6, 4, 6, 6, 4, 4, 6, 6, 4, 6, 4, 4, 6, 4, 4, 6, 4, 2, 6, 6, 6, 6, 8, 6, 6, 8, 2, 6, 6, 4, 4, 4, 6, 6, 8, 2, 6, 4, 4, 4, 6, 6, 6, 8, 6, 4, 6, 6, 6, 4, 4, 4, 8, 8, 6, 8, 4, 8, 4, 6, 4, 6, 4, 2, 6, 6, 6, 2, 

A* nodes average: 198.76
A* suboptimal average: 1.3
IDA* nodes average: 30835.26
IDA* suboptimal average: 5.3

