
------start:------
A*
 explored_nodes: 28, 43, 47, 35, 29, 25, 37, 30, 29, 35, 81, 30, 32, 36, 33, 77, 47, 52, 61, 50, 28, 41, 44, 37, 65, 34, 42, 42, 36, 45, 46, 44, 42, 54, 30, 37, 24, 31, 39, 40, 28, 42, 32, 33, 24, 30, 57, 38, 42, 28, 39, 41, 43, 56, 33, 28, 37, 44, 43, 35, 47, 35, 39, 50, 24, 36, 34, 31, 55, 31, 46, 37, 30, 40, 42, 46, 27, 30, 32, 46, 35, 54, 27, 27, 39, 46, 60, 43, 41, 69, 30, 50, 80, 40, 29, 31, 32, 31, 59, 28, 
 suboptimal_solution: 0, 0, 0, 0, 0, 0, 0, 0, 0, 2, 2, 0, 0, 2, 0, 2, 4, 2, 0, 0, 0, 0, 0, 0, 2, 0, 0, 2, 2, 2, 0, 0, 2, 2, 0, 0, 0, 0, 2, 2, 0, 4, 0, 2, 0, 0, 2, 2, 0, 0, 4, 0, 4, 0, 0, 0, 2, 0, 0, 0, 0, 0, 0, 2, 2, 0, 0, 0, 0, 0, 0, 0, 2, 0, 2, 0, 0, 0, 0, 0, 4, 2, 0, 0, 0, 2, 4, 0, 0, 0, 0, 4, 0, 0, 2, 2, 0, 0, 2, 0, 
IDA*
 explored_nodes: 236, 4632, 1023, 309, 414, 373, 3442, 327, 1806, 362, 1981, 219, 192, 966, 1100, 3717, 1464, 9200, 7562, 821, 394, 381, 1986, 2302, 1120, 671, 418, 1380, 613, 1067, 1443, 244, 199, 1779, 305, 452, 113, 209, 2100, 490, 251, 603, 354, 1406, 806, 1313, 695, 565, 1966, 303, 938, 812, 1541, 16716, 1146, 485, 2688, 1707, 1111, 718, 1095, 247, 213, 1646, 105, 368, 504, 287, 1384, 8523, 11598, 1214, 821, 164, 770, 268, 743, 2406, 447, 4719, 1929, 1014, 259, 238, 1825, 3427, 7954, 159, 726, 5334, 156, 2121, 23100, 1542, 2267, 994, 132, 454, 852, 144, 
 suboptimal_solution: 4, 6, 2, 2, 2, 2, 4, 2, 4, 8, 4, 2, 2, 4, 2, 6, 6, 4, 4, 4, 2, 2, 4, 4, 6, 2, 4, 4, 6, 6, 4, 4, 6, 4, 2, 2, 2, 4, 6, 4, 2, 6, 2, 4, 4, 6, 4, 2, 4, 2, 4, 4, 6, 4, 4, 2, 6, 2, 6, 4, 2, 2, 2, 4, 6, 8, 4, 2, 4, 4, 4, 4, 4, 2, 4, 2, 4, 2, 2, 6, 4, 4, 2, 2, 4, 4, 4, 4, 4, 6, 2, 6, 6, 4, 6, 4, 2, 4, 4, 2, 

A* nodes average: 40.0
A* suboptimal average: 0.8
IDA* nodes average: 1860.85
IDA* suboptimal average: 3.8


------middle:------
A*
 explored_nodes: 27, 36, 23, 28, 35, 24, 24, 27, 31, 23, 22, 25, 35, 35, 26, 35, 23, 23, 36, 43, 79, 32, 29, 22, 34, 23, 26, 33, 24, 31, 41, 48, 40, 23, 27, 28, 35, 38, 37, 26, 34, 27, 29, 44, 36, 35, 33, 34, 36, 25, 40, 35, 29, 26, 31, 25, 31, 25, 36, 26, 30, 38, 25, 39, 36, 45, 29, 25, 29, 31, 36, 37, 26, 39, 35, 33, 54, 47, 25, 32, 26, 25, 26, 26, 22, 31, 32, 46, 28, 29, 25, 46, 26, 51, 32, 40, 71, 60, 28, 21, 
 suboptimal_solution: 0, 0, 0, 2, 0, 0, 0, 0, 0, 0, 0, 0, 0, 4, 0, 0, 0, 0, 4, 2, 0, 4, 0, 0, 4, 0, 0, 0, 0, 0, 2, 2, 2, 0, 0, 0, 2, 2, 0, 0, 0, 0, 2, 0, 2, 2, 2, 0, 0, 0, 4, 2, 0, 0, 0, 2, 0, 0, 4, 0, 2, 2, 0, 4, 4, 0, 0, 0, 0, 0, 2, 0, 0, 0, 0, 0, 0, 0, 0, 0, 0, 0, 0, 0, 0, 0, 0, 0, 0, 2, 0, 0, 0, 0, 0, 2, 0, 4, 0, 0, 
IDA*
 explored_nodes: 302, 379, 89, 235, 118, 209, 71, 372, 1181, 332, 127, 93, 1009, 2605, 404, 458, 117, 69, 297, 11889, 34646, 1494, 1484, 153, 612, 109, 115, 1045, 327, 152, 3104, 7802, 1118, 596, 86, 498, 295, 1822, 84, 881, 116, 615, 509, 5882, 132, 174, 746, 1199, 390, 243, 280, 1081, 1173, 224, 375, 103, 329, 581, 1866, 109, 494, 186, 111, 1439, 12174, 1385, 836, 113, 159, 293, 1066, 216, 169, 1954, 4074, 129, 2842, 1399, 317, 83, 152, 76, 545, 269, 107, 1135, 91, 1472, 349, 501, 109, 527, 989, 1126, 935, 4450, 10597, 3841, 91, 99, 
 suboptimal_solution: 2, 2, 0, 2, 4, 2, 2, 4, 2, 2, 0, 0, 4, 4, 2, 2, 2, 2, 4, 8, 8, 4, 4, 0, 4, 2, 0, 6, 2, 2, 4, 4, 4, 2, 0, 2, 2, 4, 4, 2, 2, 2, 2, 6, 4, 4, 6, 4, 4, 2, 4, 6, 4, 2, 4, 4, 6, 2, 4, 2, 2, 4, 0, 6, 8, 4, 2, 4, 6, 2, 8, 4, 2, 4, 4, 0, 6, 4, 2, 2, 2, 2, 2, 2, 4, 2, 2, 6, 2, 2, 0, 4, 2, 4, 6, 4, 8, 8, 0, 0, 

A* nodes average: 32.76
A* suboptimal average: 0.72
IDA* nodes average: 1498.06
IDA* suboptimal average: 3.2


------end:------
A*
 explored_nodes: 46, 22, 44, 24, 27, 31, 52, 25, 31, 23, 65, 24, 32, 21, 52, 26, 57, 22, 67, 48, 24, 56, 24, 59, 35, 50, 27, 23, 42, 43, 95, 24, 56, 23, 31, 42, 23, 26, 21, 71, 31, 23, 75, 21, 21, 40, 33, 43, 27, 32, 23, 96, 36, 59, 25, 29, 24, 22, 24, 35, 29, 27, 25, 55, 28, 52, 23, 22, 49, 23, 48, 22, 23, 44, 43, 40, 37, 29, 32, 29, 52, 27, 33, 32, 22, 22, 23, 63, 41, 24, 28, 54, 24, 37, 27, 70, 23, 21, 22, 23, 
 suboptimal_solution: 0, 0, 0, 0, 0, 0, 2, 0, 0, 0, 0, 0, 0, 0, 0, 0, 0, 0, 0, 2, 0, 0, 0, 0, 0, 0, 0, 0, 2, 0, 4, 0, 2, 0, 0, 0, 0, 0, 0, 2, 0, 0, 0, 0, 0, 2, 0, 2, 0, 0, 0, 4, 0, 2, 0, 0, 0, 0, 0, 0, 0, 0, 0, 0, 0, 0, 0, 0, 2, 0, 0, 0, 0, 0, 0, 0, 0, 0, 0, 0, 2, 0, 0, 0, 0, 0, 0, 2, 0, 0, 0, 2, 0, 2, 0, 2, 0, 0, 0, 0, 
IDA*
 explored_nodes: 402, 300, 603, 279, 154, 109, 601, 352, 502, 730, 1056, 625, 478, 317, 1331, 129, 1543, 287, 2147, 551, 275, 601, 184, 174, 475, 1255, 137, 231, 412, 365, 3082, 344, 508, 97, 309, 167, 316, 146, 93, 2677, 136, 393, 946, 86, 399, 1722, 737, 762, 321, 2024, 134, 5156, 184, 4432, 254, 348, 98, 96, 95, 593, 135, 123, 137, 619, 101, 1466, 135, 389, 165, 87, 810, 165, 333, 951, 499, 156, 928, 392, 1671, 393, 746, 745, 301, 625, 175, 369, 144, 740, 772, 500, 120, 5068, 237, 877, 234, 679, 230, 120, 259, 87, 
 suboptimal_solution: 2, 2, 2, 2, 0, 0, 2, 2, 2, 2, 2, 2, 2, 2, 2, 0, 2, 2, 4, 2, 2, 2, 2, 0, 2, 2, 0, 2, 2, 2, 4, 2, 2, 0, 2, 0, 2, 0, 0, 4, 0, 2, 2, 0, 2, 2, 2, 2, 2, 4, 0, 4, 0, 4, 2, 2, 0, 0, 0, 2, 0, 0, 0, 2, 0, 2, 0, 2, 0, 0, 2, 2, 2, 2, 2, 0, 2, 2, 4, 2, 2, 2, 2, 2, 2, 2, 2, 2, 2, 2, 0, 4, 2, 2, 2, 2, 2, 0, 2, 0, 

A* nodes average: 36.01
A* suboptimal average: 0.36
IDA* nodes average: 659.43
IDA* suboptimal average: 1.62

