
------start:------
A*
 explored_nodes: 72, 54, 85, 67, 92, 84, 110, 74, 114, 93, 43, 87, 149, 109, 59, 82, 49, 147, 83, 108, 120, 96, 58, 127, 69, 108, 117, 165, 91, 82, 55, 144, 58, 66, 119, 116, 68, 55, 107, 39, 96, 103, 112, 156, 139, 69, 94, 80, 90, 73, 88, 96, 178, 68, 77, 78, 88, 39, 84, 52, 48, 67, 163, 99, 173, 69, 61, 90, 147, 96, 70, 108, 60, 78, 43, 61, 71, 80, 62, 62, 89, 46, 84, 130, 59, 44, 109, 74, 117, 83, 113, 65, 48, 115, 88, 102, 48, 116, 64, 52, 
 suboptimal_solution: 0, 0, 0, 0, 0, 0, 0, 0, 0, 0, 0, 0, 0, 0, 0, 0, 0, 0, 0, 0, 0, 0, 0, 0, 0, 0, 0, 0, 0, 0, 0, 0, 0, 0, 0, 0, 0, 0, 0, 0, 0, 0, 0, 0, 0, 0, 0, 0, 0, 0, 0, 0, 0, 0, 0, 0, 0, 0, 0, 0, 0, 0, 0, 0, 2, 0, 0, 0, 0, 0, 0, 0, 0, 0, 0, 0, 0, 0, 0, 0, 0, 0, 0, 0, 0, 0, 0, 0, 0, 0, 0, 0, 0, 0, 0, 0, 0, 0, 0, 0, 
IDA*
 explored_nodes: 2446, 1528, 1203, 3797, 5676, 334, 4240, 2769, 3025, 2480, 919, 724, 5578, 3351, 10505, 14231, 1742, 6122, 5212, 5027, 3220, 3405, 1961, 11452, 1626, 143705, 5501, 407, 1359, 1133, 1763, 6664, 1527, 4966, 892, 1760, 8149, 1510, 26180, 3308, 4062, 2206, 1850, 2039, 4624, 3996, 2412, 682, 1081, 2610, 2987, 5185, 3826, 9183, 1608, 4862, 22837, 1273, 451, 2309, 3754, 6041, 2665, 4008, 3629, 920, 11225, 10021, 9988, 1555, 4606, 5501, 3847, 7657, 713, 5378, 9549, 3467, 2496, 727, 1377, 505, 642, 1817, 809, 698, 2902, 3147, 481, 383, 3042, 6957, 985, 1543, 4425, 4250, 2101, 750, 4397, 41636, 
 suboptimal_solution: 0, 0, 0, 0, 0, 0, 0, 0, 0, 0, 0, 0, 0, 0, 0, 0, 0, 0, 0, 0, 0, 0, 0, 0, 0, 0, 0, 0, 0, 0, 0, 0, 0, 0, 0, 0, 0, 0, 0, 0, 0, 0, 0, 0, 0, 0, 0, 0, 0, 0, 0, 0, 0, 0, 0, 0, 0, 0, 0, 0, 0, 0, 0, 0, 0, 0, 0, 0, 0, 0, 0, 0, 0, 0, 0, 0, 0, 0, 0, 0, 0, 0, 0, 0, 0, 0, 0, 0, 0, 0, 0, 0, 0, 0, 0, 0, 0, 0, 0, 0, 

A* nodes average: 88.35
A* suboptimal average: 0.02
IDA* nodes average: 5720.74
IDA* suboptimal average: 0.0


------middle:------
A*
 explored_nodes: 90, 111, 214, 117, 43, 83, 83, 54, 105, 69, 52, 59, 131, 83, 62, 62, 87, 70, 69, 80, 111, 129, 57, 90, 52, 49, 76, 147, 98, 56, 56, 82, 58, 61, 87, 80, 192, 88, 111, 88, 70, 72, 103, 95, 65, 59, 92, 59, 88, 69, 52, 106, 59, 77, 59, 225, 81, 49, 100, 45, 88, 32, 104, 60, 81, 81, 64, 57, 118, 87, 95, 97, 68, 37, 109, 47, 76, 100, 73, 61, 90, 51, 78, 91, 57, 40, 127, 38, 140, 78, 112, 71, 135, 94, 60, 54, 89, 59, 54, 80, 
 suboptimal_solution: 0, 0, 2, 0, 0, 0, 0, 0, 0, 0, 0, 0, 0, 0, 0, 0, 0, 0, 0, 0, 0, 0, 0, 0, 0, 0, 0, 0, 0, 0, 0, 0, 0, 0, 0, 0, 2, 0, 0, 0, 0, 0, 0, 0, 0, 0, 0, 0, 0, 0, 0, 0, 0, 0, 0, 2, 0, 0, 0, 0, 0, 0, 0, 0, 0, 0, 0, 0, 0, 0, 0, 0, 0, 0, 0, 0, 0, 0, 0, 0, 0, 0, 0, 0, 0, 0, 0, 0, 0, 0, 0, 0, 0, 0, 0, 0, 0, 0, 0, 0, 
IDA*
 explored_nodes: 2601, 2189, 2850, 3915, 583, 9801, 3511, 827, 2633, 2388, 2901, 885, 432, 823, 3071, 286, 961, 5218, 1709, 1856, 1940, 253, 5533, 1544, 563, 1109, 1233, 1435, 867, 730, 4020, 2460, 1253, 1275, 6256, 163, 7240, 7955, 1190, 1886, 927, 2406, 1586, 1048, 5811, 1489, 1855, 320, 3239, 566, 1612, 1267, 1586, 9874, 8754, 6225, 3872, 5462, 574, 919, 2909, 202, 1385, 2734, 2301, 1506, 725, 1202, 9383, 1446, 782, 28242, 8701, 588, 29220, 3389, 9046, 3199, 4802, 3223, 241, 721, 1151, 1172, 1902, 697, 18727, 1253, 729, 22544, 1272, 1313, 6404, 2327, 931, 11513, 3167, 388, 674, 4495, 
 suboptimal_solution: 0, 0, 0, 0, 0, 0, 0, 0, 0, 0, 0, 0, 0, 0, 0, 0, 0, 0, 0, 0, 0, 0, 0, 0, 0, 0, 0, 0, 0, 0, 0, 0, 0, 0, 0, 0, 0, 0, 0, 0, 0, 0, 0, 0, 0, 0, 0, 0, 0, 0, 0, 0, 0, 0, 0, 0, 0, 0, 0, 0, 0, 0, 0, 0, 0, 0, 0, 0, 0, 0, 0, 0, 0, 0, 0, 0, 0, 0, 0, 0, 0, 0, 0, 0, 0, 0, 0, 0, 0, 0, 0, 0, 0, 0, 0, 0, 0, 0, 0, 0, 

A* nodes average: 82.5
A* suboptimal average: 0.06
IDA* nodes average: 3543.43
IDA* suboptimal average: 0.0


------end:------
A*
 explored_nodes: 27, 32, 35, 34, 35, 46, 31, 32, 29, 31, 33, 30, 30, 40, 32, 35, 30, 31, 34, 29, 32, 33, 30, 36, 33, 31, 28, 30, 32, 29, 35, 36, 28, 41, 29, 31, 30, 33, 30, 32, 28, 33, 29, 31, 31, 35, 34, 32, 30, 30, 31, 29, 31, 37, 35, 34, 31, 31, 35, 37, 32, 31, 31, 31, 31, 29, 35, 33, 32, 37, 35, 38, 31, 42, 49, 31, 36, 35, 30, 29, 35, 35, 29, 33, 34, 30, 29, 39, 31, 32, 32, 31, 34, 32, 33, 33, 35, 35, 35, 31, 
 suboptimal_solution: 0, 0, 0, 0, 0, 0, 0, 0, 0, 0, 0, 0, 0, 0, 0, 0, 0, 0, 0, 0, 0, 0, 0, 0, 0, 0, 0, 0, 0, 0, 0, 0, 0, 0, 0, 0, 0, 0, 0, 0, 0, 0, 0, 0, 0, 0, 0, 0, 0, 0, 0, 0, 0, 0, 0, 0, 0, 0, 0, 0, 0, 0, 0, 0, 0, 0, 0, 0, 0, 0, 0, 0, 0, 0, 0, 0, 0, 0, 0, 0, 0, 0, 0, 0, 0, 0, 0, 0, 0, 0, 0, 0, 0, 0, 0, 0, 0, 0, 0, 0, 
IDA*
 explored_nodes: 65, 297, 124, 344, 143, 89, 68, 56, 105, 60, 146, 73, 244, 108, 176, 107, 78, 77, 321, 193, 74, 92, 181, 114, 152, 93, 70, 168, 147, 102, 271, 85, 194, 130, 65, 105, 95, 66, 62, 235, 87, 242, 65, 136, 106, 133, 80, 529, 92, 130, 174, 74, 82, 335, 219, 86, 1019, 92, 85, 436, 289, 109, 168, 55, 107, 73, 126, 147, 365, 158, 322, 153, 76, 158, 130, 98, 158, 104, 133, 135, 236, 128, 128, 77, 125, 180, 347, 116, 85, 83, 115, 92, 223, 110, 209, 143, 209, 76, 564, 178, 
 suboptimal_solution: 0, 0, 0, 0, 0, 0, 0, 0, 0, 0, 0, 0, 0, 0, 0, 0, 0, 0, 0, 0, 0, 0, 0, 0, 0, 0, 0, 0, 0, 0, 0, 0, 0, 0, 0, 0, 0, 0, 0, 0, 0, 0, 0, 0, 0, 0, 0, 0, 0, 0, 0, 0, 0, 0, 0, 0, 0, 0, 0, 0, 0, 0, 0, 0, 0, 0, 0, 0, 0, 0, 0, 0, 0, 0, 0, 0, 0, 0, 0, 0, 0, 0, 0, 0, 0, 0, 0, 0, 0, 0, 0, 0, 0, 0, 0, 0, 0, 0, 0, 0, 

A* nodes average: 32.75
A* suboptimal average: 0.0
IDA* nodes average: 160.65
IDA* suboptimal average: 0.0

