
------start:------
A*
 explored_nodes: 119, 33, 70, 46, 79, 55, 65, 248, 65, 74, 44, 52, 28, 45, 96, 37, 61, 43, 58, 56, 51, 63, 81, 140, 39, 63, 40, 50, 69, 61, 41, 55, 50, 42, 82, 111, 72, 67, 41, 66, 49, 54, 70, 45, 79, 39, 38, 65, 41, 31, 64, 43, 64, 86, 42, 47, 57, 49, 32, 54, 76, 45, 81, 127, 89, 59, 51, 65, 55, 67, 59, 49, 57, 56, 50, 84, 39, 62, 50, 38, 38, 49, 78, 38, 41, 67, 42, 57, 37, 64, 76, 61, 48, 50, 40, 70, 50, 53, 58, 63, 
 suboptimal_solution: 0, 0, 0, 0, 0, 0, 0, 4, 0, 0, 0, 0, 0, 0, 0, 0, 0, 0, 0, 0, 0, 0, 2, 0, 0, 0, 0, 0, 0, 0, 0, 0, 0, 0, 0, 0, 0, 0, 0, 0, 0, 0, 0, 0, 0, 0, 0, 0, 0, 0, 0, 0, 0, 2, 0, 0, 0, 0, 0, 0, 0, 0, 0, 2, 0, 0, 0, 0, 0, 0, 0, 0, 0, 0, 0, 0, 0, 0, 0, 0, 0, 0, 0, 0, 0, 0, 0, 0, 0, 0, 0, 0, 0, 0, 0, 0, 0, 0, 0, 0, 
IDA*
 explored_nodes: 45922, 5953, 7272, 813, 60708, 935, 444, 9811, 755, 2355, 10200, 8637, 164, 169, 1471, 449, 675, 1562, 922, 15005, 1616, 5146, 1889, 973, 7115, 1871, 1262, 1337, 4597, 203, 7890, 1891, 761, 19155, 652, 1734, 1166, 1071, 82, 3372, 367, 3477, 30183, 5834, 9594, 660, 1803, 6143, 1649, 360, 313, 1604, 1831, 30738, 4680, 218, 16666, 1178, 2059, 3708, 802, 1418, 2781, 7747, 7480, 1782, 3206, 2434, 930, 2515, 5229, 1133, 22032, 930, 2457, 2427, 3248, 13158, 1314, 490, 652, 20234, 3130, 1760, 321, 12182, 52, 648, 1088, 1070, 1831, 16369, 1847, 329, 3465, 2103, 454, 813, 1190, 2514, 
 suboptimal_solution: 0, 0, 0, 0, 0, 0, 0, 0, 0, 0, 0, 0, 0, 0, 0, 0, 0, 0, 0, 0, 0, 0, 0, 0, 0, 0, 0, 0, 0, 0, 0, 0, 0, 0, 0, 0, 0, 0, 0, 0, 0, 0, 0, 0, 0, 0, 0, 0, 0, 0, 0, 0, 0, 0, 0, 0, 0, 0, 0, 0, 0, 0, 0, 0, 0, 0, 0, 0, 0, 0, 0, 0, 0, 0, 0, 0, 0, 0, 0, 0, 0, 0, 0, 0, 0, 0, 0, 0, 0, 0, 0, 0, 0, 0, 0, 0, 0, 0, 0, 0, 

A* nodes average: 60.46
A* suboptimal average: 0.1
IDA* nodes average: 5166.35
IDA* suboptimal average: 0.0


------middle:------
A*
 explored_nodes: 51, 52, 77, 38, 54, 66, 42, 46, 71, 33, 38, 45, 52, 56, 79, 32, 64, 47, 55, 46, 47, 33, 74, 99, 48, 45, 67, 89, 64, 62, 42, 55, 56, 50, 56, 90, 43, 38, 61, 59, 54, 47, 44, 51, 51, 36, 57, 36, 28, 36, 43, 29, 49, 61, 63, 35, 56, 49, 36, 45, 46, 69, 77, 35, 54, 70, 34, 49, 42, 50, 55, 39, 59, 43, 31, 69, 48, 48, 39, 47, 72, 44, 37, 40, 42, 37, 47, 51, 33, 38, 57, 45, 39, 39, 46, 62, 42, 30, 28, 42, 
 suboptimal_solution: 0, 0, 0, 0, 0, 0, 0, 0, 0, 0, 0, 0, 0, 0, 0, 0, 0, 0, 0, 0, 0, 0, 0, 0, 0, 0, 0, 2, 0, 0, 0, 0, 0, 0, 0, 0, 0, 0, 0, 0, 0, 0, 0, 0, 0, 0, 0, 0, 0, 0, 0, 0, 0, 0, 0, 0, 0, 0, 0, 0, 0, 0, 0, 0, 0, 2, 0, 0, 0, 0, 0, 0, 0, 0, 0, 0, 0, 0, 0, 0, 0, 0, 0, 0, 0, 0, 0, 0, 0, 0, 0, 0, 0, 0, 0, 0, 0, 0, 0, 0, 
IDA*
 explored_nodes: 90, 1508, 9691, 375, 464, 10211, 2513, 3572, 3093, 1320, 22579, 1503, 28268, 987, 28444, 222, 298, 310, 17423, 1370, 484, 914, 732, 879, 25385, 260, 2259, 2548, 25616, 4387, 1284, 3968, 1301, 2536, 195, 7882, 2573, 11034, 280, 179180, 186, 792, 1213, 1888, 7324, 448, 10741, 1813, 199, 12519, 517, 608, 922, 36687, 1190, 301, 3037, 1537, 1237, 3223, 104, 22628, 47959, 1046, 477, 1217, 313, 1541, 360, 3998, 2664, 380, 13874, 8482, 307, 668, 46122, 2770, 2969, 9138, 5991, 8406, 115, 1636, 287, 5776, 215, 10905, 202, 41465, 109, 971, 183, 540, 1930, 631, 153, 634, 381, 12379, 
 suboptimal_solution: 0, 0, 0, 0, 0, 0, 0, 0, 0, 0, 0, 0, 0, 0, 0, 0, 0, 0, 0, 0, 0, 0, 0, 0, 0, 0, 0, 0, 0, 0, 0, 0, 0, 0, 0, 0, 0, 0, 0, 0, 0, 0, 0, 0, 0, 0, 0, 0, 0, 0, 0, 0, 0, 0, 0, 0, 0, 0, 0, 0, 0, 0, 0, 0, 0, 0, 0, 0, 0, 0, 0, 0, 0, 0, 0, 0, 0, 0, 0, 0, 0, 0, 0, 0, 0, 0, 0, 0, 0, 0, 0, 0, 0, 0, 0, 0, 0, 0, 0, 0, 

A* nodes average: 50.03
A* suboptimal average: 0.04
IDA* nodes average: 7542.46
IDA* suboptimal average: 0.0


------end:------
A*
 explored_nodes: 37, 28, 25, 38, 28, 36, 27, 28, 25, 33, 30, 22, 24, 29, 40, 28, 26, 26, 23, 25, 24, 27, 28, 41, 28, 26, 36, 27, 31, 28, 27, 30, 28, 30, 28, 35, 49, 39, 27, 24, 27, 28, 30, 33, 28, 24, 32, 35, 33, 28, 27, 28, 31, 29, 26, 30, 31, 29, 32, 29, 37, 29, 36, 29, 35, 27, 31, 32, 26, 40, 31, 33, 32, 25, 28, 31, 21, 34, 29, 33, 32, 23, 51, 29, 26, 27, 27, 28, 27, 26, 24, 23, 26, 24, 39, 23, 29, 29, 29, 34, 
 suboptimal_solution: 0, 0, 0, 2, 0, 0, 0, 0, 0, 0, 0, 0, 0, 0, 0, 0, 0, 0, 0, 0, 0, 0, 0, 0, 0, 0, 0, 0, 0, 0, 0, 0, 0, 0, 0, 0, 0, 0, 0, 0, 0, 0, 0, 0, 0, 0, 0, 0, 0, 0, 0, 0, 0, 0, 0, 0, 0, 0, 0, 0, 0, 0, 0, 0, 0, 0, 0, 0, 0, 0, 0, 0, 0, 0, 0, 0, 0, 0, 0, 0, 0, 0, 0, 0, 0, 0, 0, 0, 0, 0, 0, 0, 0, 0, 0, 0, 0, 0, 0, 0, 
IDA*
 explored_nodes: 240, 522, 141, 313, 429, 167, 83, 178, 75, 229, 220, 82, 129, 350, 62, 145, 953, 66, 100, 191, 143, 175, 73, 58, 123, 268, 68, 149, 228, 135, 191, 86, 49, 239, 91, 82, 155, 258, 154, 115, 108, 213, 87, 128, 141, 75, 120, 91, 162, 119, 134, 185, 203, 206, 72, 72, 204, 160, 381, 247, 75, 184, 135, 212, 181, 166, 99, 72, 55, 174, 320, 543, 93, 138, 158, 99, 98, 54, 125, 57, 198, 97, 517, 141, 93, 96, 120, 221, 364, 246, 253, 61, 151, 99, 90, 95, 137, 118, 135, 101, 
 suboptimal_solution: 0, 0, 0, 0, 0, 0, 0, 0, 0, 0, 0, 0, 0, 0, 0, 0, 0, 0, 0, 0, 0, 0, 0, 0, 0, 0, 0, 0, 0, 0, 0, 0, 0, 0, 0, 0, 0, 0, 0, 0, 0, 0, 0, 0, 0, 0, 0, 0, 0, 0, 0, 0, 0, 0, 0, 0, 0, 0, 0, 0, 0, 0, 0, 0, 0, 0, 0, 0, 0, 0, 0, 0, 0, 0, 0, 0, 0, 0, 0, 0, 0, 0, 0, 0, 0, 0, 0, 0, 0, 0, 0, 0, 0, 0, 0, 0, 0, 0, 0, 0, 

A* nodes average: 29.76
A* suboptimal average: 0.02
IDA* nodes average: 169.94
IDA* suboptimal average: 0.0

