
------start:------
A*
 explored_nodes: 30, 29, 38, 28, 32, 41, 35, 30, 29, 27, 27, 28, 27, 28, 47, 25, 30, 34, 28, 28, 26, 31, 27, 61, 32, 31, 24, 29, 28, 44, 30, 31, 29, 36, 51, 43, 33, 36, 31, 24, 34, 30, 41, 28, 29, 23, 44, 29, 27, 31, 31, 37, 30, 34, 27, 34, 27, 25, 27, 32, 32, 26, 28, 32, 24, 35, 25, 27, 35, 24, 27, 27, 28, 33, 27, 25, 40, 31, 27, 29, 34, 30, 36, 27, 31, 26, 29, 32, 24, 22, 33, 31, 28, 28, 32, 30, 33, 26, 37, 28, 
 suboptimal_solution: 0, 0, 0, 0, 0, 0, 0, 0, 0, 0, 0, 0, 0, 0, 0, 0, 0, 0, 0, 0, 0, 0, 0, 0, 0, 0, 0, 0, 0, 0, 0, 0, 0, 0, 0, 0, 0, 0, 0, 0, 0, 0, 0, 0, 0, 0, 0, 0, 0, 0, 0, 0, 0, 0, 0, 0, 0, 0, 0, 0, 0, 0, 0, 0, 0, 0, 0, 0, 0, 0, 0, 0, 0, 0, 0, 0, 0, 0, 0, 0, 0, 0, 0, 0, 0, 0, 0, 0, 0, 0, 0, 0, 0, 0, 0, 0, 0, 0, 0, 0, 
IDA*
 explored_nodes: 172, 227, 127, 95, 565, 123, 44, 153, 103, 124, 157, 120, 80, 148, 96, 90, 91, 87, 91, 135, 341, 223, 96, 93, 114, 166, 200, 68, 72, 100, 74, 99, 63, 347, 63, 70, 173, 129, 99, 64, 89, 146, 298, 228, 407, 94, 630, 177, 73, 224, 128, 209, 213, 229, 142, 93, 278, 134, 77, 381, 149, 151, 147, 90, 150, 369, 82, 107, 102, 115, 309, 70, 438, 522, 175, 120, 141, 85, 143, 92, 233, 155, 56, 424, 154, 80, 194, 124, 149, 357, 71, 212, 272, 252, 203, 119, 89, 88, 165, 90, 
 suboptimal_solution: 0, 0, 0, 0, 0, 0, 0, 0, 0, 0, 0, 0, 0, 0, 0, 0, 0, 0, 0, 0, 0, 0, 0, 0, 0, 0, 0, 0, 0, 0, 0, 0, 0, 0, 0, 0, 0, 0, 0, 0, 0, 0, 0, 0, 0, 0, 0, 0, 0, 0, 0, 0, 0, 0, 0, 0, 0, 0, 0, 0, 0, 0, 0, 0, 0, 0, 0, 0, 0, 0, 0, 0, 0, 0, 0, 0, 0, 0, 0, 0, 0, 0, 0, 0, 0, 0, 0, 0, 0, 0, 0, 0, 0, 0, 0, 0, 0, 0, 0, 0, 

A* nodes average: 30.97
A* suboptimal average: 0.0
IDA* nodes average: 167.76
IDA* suboptimal average: 0.0


------middle:------
A*
 explored_nodes: 40, 28, 33, 26, 29, 38, 28, 25, 26, 28, 45, 26, 24, 27, 32, 29, 29, 30, 26, 36, 34, 34, 34, 32, 26, 36, 25, 34, 26, 40, 29, 27, 39, 26, 35, 37, 34, 27, 27, 33, 33, 26, 27, 30, 28, 29, 24, 30, 30, 27, 25, 35, 28, 28, 29, 25, 21, 28, 29, 24, 24, 39, 26, 30, 35, 25, 27, 32, 30, 28, 27, 32, 37, 34, 24, 41, 35, 30, 25, 29, 35, 26, 29, 31, 25, 27, 29, 37, 30, 26, 28, 22, 28, 25, 28, 27, 23, 30, 25, 23, 
 suboptimal_solution: 0, 0, 0, 0, 0, 0, 0, 0, 0, 0, 0, 0, 0, 0, 0, 0, 0, 0, 0, 0, 0, 0, 0, 0, 0, 0, 0, 0, 0, 0, 0, 0, 0, 0, 0, 0, 0, 0, 0, 0, 0, 0, 0, 0, 0, 0, 0, 0, 0, 0, 0, 0, 0, 0, 0, 0, 0, 0, 0, 0, 0, 0, 0, 0, 0, 0, 0, 0, 0, 0, 0, 0, 0, 0, 0, 0, 0, 0, 0, 0, 0, 0, 0, 0, 0, 0, 0, 0, 0, 0, 0, 0, 0, 0, 0, 0, 0, 0, 0, 0, 
IDA*
 explored_nodes: 237, 162, 195, 74, 153, 358, 73, 124, 125, 91, 270, 130, 63, 83, 91, 53, 226, 137, 72, 139, 82, 216, 161, 76, 139, 97, 141, 107, 192, 52, 96, 331, 114, 167, 162, 55, 136, 104, 75, 306, 150, 87, 115, 71, 264, 87, 154, 152, 470, 90, 67, 216, 83, 208, 327, 81, 94, 281, 158, 57, 100, 341, 84, 192, 650, 107, 97, 116, 125, 93, 267, 58, 273, 195, 781, 101, 69, 118, 119, 76, 133, 222, 40, 193, 82, 348, 52, 157, 90, 409, 223, 51, 62, 135, 91, 131, 122, 82, 171, 179, 
 suboptimal_solution: 0, 0, 0, 0, 0, 0, 0, 0, 0, 0, 0, 0, 0, 0, 0, 0, 0, 0, 0, 0, 0, 0, 0, 0, 0, 0, 0, 0, 0, 0, 0, 0, 0, 0, 0, 0, 0, 0, 0, 0, 0, 0, 0, 0, 0, 0, 0, 0, 0, 0, 0, 0, 0, 0, 0, 0, 0, 0, 0, 0, 0, 0, 0, 0, 0, 0, 0, 0, 0, 0, 0, 0, 0, 0, 0, 0, 0, 0, 0, 0, 0, 0, 0, 0, 0, 0, 0, 0, 0, 0, 0, 0, 0, 0, 0, 0, 0, 0, 0, 0, 

A* nodes average: 29.6
A* suboptimal average: 0.0
IDA* nodes average: 158.12
IDA* suboptimal average: 0.0


------end:------
A*
 explored_nodes: 30, 23, 24, 22, 28, 23, 27, 22, 26, 27, 25, 27, 24, 27, 26, 23, 22, 23, 23, 24, 23, 27, 22, 36, 25, 24, 23, 24, 22, 25, 23, 26, 27, 26, 23, 26, 32, 26, 30, 21, 25, 24, 22, 26, 25, 27, 21, 29, 23, 27, 25, 22, 24, 29, 23, 22, 23, 26, 27, 22, 38, 27, 24, 27, 23, 25, 22, 25, 29, 24, 24, 34, 26, 26, 23, 29, 25, 27, 25, 26, 27, 26, 29, 23, 22, 22, 24, 30, 23, 23, 27, 26, 25, 23, 28, 25, 25, 22, 23, 26, 
 suboptimal_solution: 0, 0, 0, 0, 0, 0, 0, 0, 0, 0, 0, 0, 0, 0, 0, 0, 0, 0, 0, 0, 0, 0, 0, 0, 0, 0, 0, 0, 0, 0, 0, 0, 0, 0, 0, 0, 0, 0, 0, 0, 0, 0, 0, 0, 0, 0, 0, 0, 0, 0, 0, 0, 0, 0, 0, 0, 0, 0, 0, 0, 0, 0, 0, 0, 0, 0, 0, 0, 0, 0, 0, 0, 0, 0, 0, 0, 0, 0, 0, 0, 0, 0, 0, 0, 0, 0, 0, 0, 0, 0, 0, 0, 0, 0, 0, 0, 0, 0, 0, 0, 
IDA*
 explored_nodes: 93, 56, 79, 60, 108, 54, 75, 59, 88, 68, 67, 94, 67, 76, 72, 67, 55, 51, 54, 57, 71, 55, 63, 40, 58, 57, 98, 67, 62, 45, 63, 70, 63, 78, 47, 53, 71, 72, 71, 76, 67, 61, 64, 98, 70, 77, 56, 82, 98, 95, 78, 81, 95, 80, 110, 72, 86, 75, 90, 74, 72, 92, 47, 76, 68, 75, 51, 78, 65, 91, 47, 67, 83, 72, 62, 84, 82, 75, 102, 58, 49, 83, 64, 100, 56, 128, 42, 106, 79, 67, 92, 90, 63, 53, 122, 46, 97, 81, 81, 93, 
 suboptimal_solution: 0, 0, 0, 0, 0, 0, 0, 0, 0, 0, 0, 0, 0, 0, 0, 0, 0, 0, 0, 0, 0, 0, 0, 0, 0, 0, 0, 0, 0, 0, 0, 0, 0, 0, 0, 0, 0, 0, 0, 0, 0, 0, 0, 0, 0, 0, 0, 0, 0, 0, 0, 0, 0, 0, 0, 0, 0, 0, 0, 0, 0, 0, 0, 0, 0, 0, 0, 0, 0, 0, 0, 0, 0, 0, 0, 0, 0, 0, 0, 0, 0, 0, 0, 0, 0, 0, 0, 0, 0, 0, 0, 0, 0, 0, 0, 0, 0, 0, 0, 0, 

A* nodes average: 25.27
A* suboptimal average: 0.0
IDA* nodes average: 73.28
IDA* suboptimal average: 0.0

