
------start:------
A*
 explored_nodes: 24, 20, 21, 17, 20, 19, 21, 20, 20, 22, 21, 21, 21, 19, 26, 18, 17, 22, 23, 19, 19, 23, 21, 18, 24, 18, 22, 21, 19, 23, 19, 20, 21, 18, 17, 19, 20, 20, 20, 23, 19, 19, 21, 23, 20, 20, 23, 17, 16, 22, 20, 21, 24, 23, 19, 21, 24, 18, 18, 18, 26, 19, 23, 18, 20, 18, 18, 20, 20, 21, 18, 20, 17, 31, 21, 18, 22, 25, 25, 18, 26, 18, 22, 20, 18, 18, 18, 19, 22, 18, 27, 18, 20, 19, 23, 20, 21, 20, 20, 22, 
 suboptimal_solution: 0, 0, 0, 0, 0, 0, 0, 0, 0, 0, 0, 0, 0, 0, 0, 0, 0, 0, 0, 0, 0, 0, 0, 0, 0, 0, 0, 0, 0, 0, 0, 0, 0, 0, 0, 0, 0, 0, 0, 0, 0, 0, 0, 0, 0, 0, 0, 0, 0, 0, 0, 0, 0, 0, 0, 0, 0, 0, 0, 0, 0, 0, 0, 0, 0, 0, 0, 0, 0, 0, 0, 0, 0, 0, 0, 0, 0, 0, 0, 0, 0, 0, 0, 0, 0, 0, 0, 0, 0, 0, 0, 0, 0, 0, 0, 0, 0, 0, 0, 0, 
IDA*
 explored_nodes: 53, 78, 107, 43, 42, 41, 47, 126, 110, 92, 36, 103, 48, 140, 64, 49, 52, 85, 65, 42, 43, 68, 81, 35, 111, 49, 100, 79, 41, 77, 65, 98, 43, 38, 46, 82, 180, 57, 88, 62, 69, 83, 74, 49, 149, 70, 107, 37, 46, 83, 85, 55, 45, 53, 45, 44, 44, 71, 53, 49, 263, 116, 488, 106, 116, 34, 53, 65, 50, 48, 43, 43, 104, 108, 64, 50, 52, 63, 47, 42, 42, 83, 87, 99, 41, 61, 55, 96, 68, 64, 59, 38, 100, 47, 126, 87, 54, 112, 76, 39, 
 suboptimal_solution: 0, 0, 0, 0, 0, 0, 0, 0, 0, 0, 0, 0, 0, 0, 0, 0, 0, 0, 0, 0, 0, 0, 0, 0, 0, 0, 0, 0, 0, 0, 0, 0, 0, 0, 0, 0, 0, 0, 0, 0, 0, 0, 0, 0, 0, 0, 0, 0, 0, 0, 0, 0, 0, 0, 0, 0, 0, 0, 0, 0, 0, 0, 0, 0, 0, 0, 0, 0, 0, 0, 0, 0, 0, 0, 0, 0, 0, 0, 0, 0, 0, 0, 0, 0, 0, 0, 0, 0, 0, 0, 0, 0, 0, 0, 0, 0, 0, 0, 0, 0, 

A* nodes average: 20.49
A* suboptimal average: 0.0
IDA* nodes average: 75.66
IDA* suboptimal average: 0.0


------middle:------
A*
 explored_nodes: 20, 18, 20, 18, 21, 17, 19, 20, 18, 23, 19, 22, 26, 22, 23, 19, 19, 20, 17, 19, 17, 22, 24, 19, 18, 20, 16, 18, 19, 22, 28, 21, 22, 21, 18, 19, 20, 21, 20, 19, 25, 22, 22, 23, 21, 17, 20, 19, 19, 22, 21, 19, 27, 21, 18, 27, 22, 18, 20, 17, 23, 29, 21, 20, 19, 18, 18, 17, 17, 18, 17, 19, 19, 26, 20, 16, 18, 19, 20, 21, 17, 24, 17, 21, 18, 21, 20, 19, 18, 20, 19, 21, 16, 23, 17, 25, 19, 16, 21, 24, 
 suboptimal_solution: 0, 0, 0, 0, 0, 0, 0, 0, 0, 0, 0, 0, 0, 0, 0, 0, 0, 0, 0, 0, 0, 0, 0, 0, 0, 0, 0, 0, 0, 0, 0, 0, 0, 0, 0, 0, 0, 0, 0, 0, 0, 0, 0, 0, 0, 0, 0, 0, 0, 0, 0, 0, 0, 0, 0, 0, 0, 0, 0, 0, 0, 0, 0, 0, 0, 0, 0, 0, 0, 0, 0, 0, 0, 0, 0, 0, 0, 0, 0, 0, 0, 0, 0, 0, 0, 0, 0, 0, 0, 0, 0, 0, 0, 0, 0, 0, 0, 0, 0, 0, 
IDA*
 explored_nodes: 55, 55, 38, 75, 36, 37, 39, 59, 44, 121, 57, 55, 103, 41, 36, 112, 66, 44, 76, 38, 41, 112, 44, 36, 38, 63, 34, 105, 32, 128, 97, 96, 67, 59, 78, 64, 137, 115, 99, 64, 159, 79, 45, 98, 132, 51, 46, 31, 37, 42, 73, 40, 131, 64, 54, 57, 61, 41, 64, 43, 59, 57, 214, 177, 73, 56, 38, 46, 43, 34, 40, 40, 48, 73, 66, 36, 92, 50, 35, 36, 36, 126, 39, 59, 119, 70, 90, 71, 89, 42, 29, 53, 37, 106, 68, 45, 41, 64, 74, 37, 
 suboptimal_solution: 0, 0, 0, 0, 0, 0, 0, 0, 0, 0, 0, 0, 0, 0, 0, 0, 0, 0, 0, 0, 0, 0, 0, 0, 0, 0, 0, 0, 0, 0, 0, 0, 0, 0, 0, 0, 0, 0, 0, 0, 0, 0, 0, 0, 0, 0, 0, 0, 0, 0, 0, 0, 0, 0, 0, 0, 0, 0, 0, 0, 0, 0, 0, 0, 0, 0, 0, 0, 0, 0, 0, 0, 0, 0, 0, 0, 0, 0, 0, 0, 0, 0, 0, 0, 0, 0, 0, 0, 0, 0, 0, 0, 0, 0, 0, 0, 0, 0, 0, 0, 

A* nodes average: 20.15
A* suboptimal average: 0.0
IDA* nodes average: 66.52
IDA* suboptimal average: 0.0


------end:------
A*
 explored_nodes: 17, 17, 17, 20, 17, 18, 17, 20, 19, 18, 19, 16, 21, 17, 20, 17, 18, 18, 17, 19, 19, 18, 18, 20, 20, 16, 16, 18, 16, 17, 19, 17, 18, 17, 17, 18, 17, 18, 18, 16, 17, 18, 18, 17, 17, 18, 17, 16, 18, 17, 16, 19, 17, 19, 17, 17, 16, 17, 19, 16, 18, 17, 17, 16, 16, 16, 20, 16, 17, 21, 18, 18, 17, 21, 21, 17, 16, 17, 19, 17, 17, 18, 16, 19, 16, 16, 17, 18, 16, 16, 17, 18, 17, 18, 17, 18, 16, 17, 21, 25, 
 suboptimal_solution: 0, 0, 0, 0, 0, 0, 0, 0, 0, 0, 0, 0, 0, 0, 0, 0, 0, 0, 0, 0, 0, 0, 0, 0, 0, 0, 0, 0, 0, 0, 0, 0, 0, 0, 0, 0, 0, 0, 0, 0, 0, 0, 0, 0, 0, 0, 0, 0, 0, 0, 0, 0, 0, 0, 0, 0, 0, 0, 0, 0, 0, 0, 0, 0, 0, 0, 0, 0, 0, 0, 0, 0, 0, 0, 0, 0, 0, 0, 0, 0, 0, 0, 0, 0, 0, 0, 0, 0, 0, 0, 0, 0, 0, 0, 0, 0, 0, 0, 0, 0, 
IDA*
 explored_nodes: 54, 49, 34, 44, 31, 35, 53, 53, 34, 42, 34, 36, 46, 36, 41, 71, 48, 45, 51, 48, 44, 38, 50, 35, 45, 41, 33, 66, 28, 47, 62, 44, 36, 39, 43, 41, 39, 67, 49, 42, 45, 42, 39, 28, 40, 42, 61, 34, 37, 43, 43, 40, 41, 39, 35, 45, 60, 59, 46, 42, 37, 37, 53, 54, 49, 36, 42, 35, 39, 41, 34, 49, 40, 35, 43, 30, 36, 30, 42, 56, 36, 74, 36, 80, 38, 33, 47, 45, 66, 46, 45, 41, 55, 42, 53, 57, 64, 64, 46, 32, 
 suboptimal_solution: 0, 0, 0, 0, 0, 0, 0, 0, 0, 0, 0, 0, 0, 0, 0, 0, 0, 0, 0, 0, 0, 0, 0, 0, 0, 0, 0, 0, 0, 0, 0, 0, 0, 0, 0, 0, 0, 0, 0, 0, 0, 0, 0, 0, 0, 0, 0, 0, 0, 0, 0, 0, 0, 0, 0, 0, 0, 0, 0, 0, 0, 0, 0, 0, 0, 0, 0, 0, 0, 0, 0, 0, 0, 0, 0, 0, 0, 0, 0, 0, 0, 0, 0, 0, 0, 0, 0, 0, 0, 0, 0, 0, 0, 0, 0, 0, 0, 0, 0, 0, 

A* nodes average: 17.69
A* suboptimal average: 0.0
IDA* nodes average: 44.53
IDA* suboptimal average: 0.0

