
------start:------
A*
 explored_nodes: 28, 26, 26, 24, 30, 52, 26, 35, 26, 51, 33, 37, 25, 24, 34, 25, 31, 30, 24, 63, 33, 25, 34, 32, 45, 25, 33, 26, 48, 33, 53, 22, 29, 27, 25, 54, 36, 24, 34, 27, 29, 24, 26, 25, 34, 28, 25, 54, 39, 21, 24, 31, 28, 30, 27, 27, 34, 31, 50, 36, 28, 31, 31, 29, 24, 41, 32, 45, 38, 28, 28, 36, 35, 27, 37, 27, 26, 24, 27, 30, 32, 24, 29, 29, 29, 25, 58, 32, 27, 34, 26, 51, 25, 30, 26, 27, 48, 30, 27, 41, 
 suboptimal_solution: 0, 0, 0, 0, 2, 2, 0, 0, 0, 2, 2, 0, 0, 0, 0, 0, 0, 4, 0, 2, 0, 0, 0, 0, 0, 0, 0, 0, 0, 0, 0, 0, 0, 2, 0, 4, 2, 0, 0, 0, 2, 0, 0, 0, 0, 0, 0, 4, 2, 0, 0, 0, 0, 0, 0, 0, 0, 2, 0, 0, 0, 0, 0, 0, 0, 0, 0, 0, 2, 0, 0, 0, 0, 0, 0, 0, 0, 0, 0, 0, 0, 0, 0, 0, 0, 0, 0, 0, 0, 0, 0, 0, 0, 2, 0, 0, 0, 0, 0, 4, 
IDA*
 explored_nodes: 126, 161, 307, 81, 142, 218, 73, 292, 56, 869, 311, 385, 172, 73, 228, 85, 334, 172, 91, 917, 270, 182, 346, 1078, 548, 195, 576, 76, 3002, 185, 3817, 184, 137, 91, 193, 308, 240, 112, 274, 166, 60, 101, 186, 154, 464, 152, 155, 1470, 3074, 77, 62, 149, 280, 163, 82, 91, 191, 108, 484, 127, 517, 708, 550, 232, 154, 485, 414, 307, 146, 217, 520, 79, 747, 122, 734, 206, 107, 47, 157, 129, 144, 151, 171, 112, 145, 78, 828, 261, 145, 216, 165, 4233, 60, 158, 231, 110, 1196, 129, 81, 791, 
 suboptimal_solution: 4, 6, 6, 4, 4, 6, 4, 6, 2, 6, 4, 4, 4, 2, 4, 2, 6, 6, 4, 6, 4, 6, 6, 8, 4, 4, 4, 6, 8, 6, 8, 4, 4, 4, 6, 8, 4, 2, 4, 4, 6, 2, 4, 6, 6, 4, 2, 8, 6, 2, 2, 6, 4, 6, 4, 4, 4, 4, 4, 4, 6, 8, 6, 4, 4, 6, 6, 4, 6, 4, 4, 2, 4, 4, 4, 4, 4, 2, 4, 6, 4, 4, 4, 4, 6, 6, 4, 6, 4, 4, 2, 8, 2, 4, 4, 4, 6, 2, 2, 8, 

A* nodes average: 32.12
A* suboptimal average: 0.4
IDA* nodes average: 406.86
IDA* suboptimal average: 4.62


------middle:------
A*
 explored_nodes: 24, 26, 40, 27, 40, 30, 21, 21, 24, 22, 33, 21, 23, 37, 29, 22, 27, 30, 29, 26, 24, 23, 22, 35, 21, 22, 29, 32, 27, 22, 26, 29, 34, 25, 23, 25, 22, 27, 21, 25, 41, 25, 34, 33, 32, 30, 31, 24, 24, 25, 21, 23, 24, 31, 23, 21, 26, 34, 23, 31, 32, 41, 29, 27, 37, 22, 22, 24, 32, 31, 24, 32, 23, 33, 24, 22, 28, 22, 21, 27, 32, 22, 22, 26, 33, 22, 24, 26, 21, 23, 24, 24, 21, 23, 26, 29, 28, 28, 25, 37, 
 suboptimal_solution: 0, 0, 4, 0, 0, 0, 0, 0, 0, 0, 0, 0, 0, 2, 2, 0, 2, 0, 2, 0, 0, 0, 0, 0, 0, 0, 0, 0, 0, 0, 0, 0, 0, 2, 0, 0, 0, 0, 0, 0, 0, 0, 0, 2, 4, 0, 0, 0, 0, 0, 0, 0, 0, 0, 0, 0, 0, 2, 0, 0, 0, 0, 0, 0, 0, 0, 0, 0, 0, 0, 0, 0, 0, 0, 0, 0, 0, 0, 0, 0, 0, 0, 0, 0, 2, 0, 0, 0, 0, 0, 0, 0, 0, 0, 0, 0, 2, 0, 0, 0, 
IDA*
 explored_nodes: 386, 53, 461, 79, 286, 294, 134, 118, 67, 49, 131, 78, 147, 344, 69, 128, 371, 208, 216, 128, 148, 76, 260, 261, 203, 162, 210, 85, 416, 159, 258, 1364, 152, 166, 85, 229, 138, 269, 53, 203, 507, 127, 211, 127, 296, 205, 227, 281, 185, 155, 230, 213, 71, 212, 151, 66, 51, 188, 69, 335, 740, 260, 125, 224, 152, 185, 295, 237, 259, 400, 104, 329, 65, 229, 224, 269, 742, 62, 180, 438, 184, 53, 64, 226, 247, 57, 129, 120, 64, 227, 136, 210, 53, 199, 133, 138, 354, 74, 135, 385, 
 suboptimal_solution: 4, 2, 6, 2, 4, 6, 2, 2, 2, 2, 4, 4, 4, 6, 2, 2, 6, 8, 4, 4, 6, 2, 4, 6, 4, 4, 4, 2, 6, 6, 4, 6, 4, 4, 2, 2, 4, 6, 0, 4, 8, 6, 4, 6, 6, 4, 4, 4, 4, 4, 2, 4, 2, 8, 2, 2, 2, 4, 2, 4, 6, 6, 6, 4, 6, 2, 6, 6, 6, 8, 4, 4, 2, 4, 4, 4, 6, 4, 4, 4, 2, 2, 2, 6, 6, 2, 4, 4, 2, 6, 4, 4, 2, 4, 2, 6, 6, 2, 2, 6, 

A* nodes average: 26.91
A* suboptimal average: 0.26
IDA* nodes average: 212.58
IDA* suboptimal average: 4.08


------end:------
A*
 explored_nodes: 109, 49, 34, 30, 42, 33, 51, 31, 70, 29, 33, 30, 32, 94, 44, 52, 21, 31, 46, 65, 27, 37, 68, 29, 42, 31, 39, 60, 31, 42, 39, 30, 108, 32, 45, 66, 41, 81, 39, 58, 51, 35, 65, 97, 40, 31, 66, 39, 58, 47, 42, 32, 40, 41, 50, 68, 51, 84, 79, 44, 34, 31, 44, 50, 64, 54, 51, 50, 103, 28, 30, 44, 38, 58, 32, 31, 30, 67, 46, 34, 30, 38, 37, 40, 31, 59, 56, 33, 43, 52, 64, 30, 77, 30, 29, 68, 42, 55, 30, 31, 
 suboptimal_solution: 2, 0, 0, 0, 0, 0, 0, 0, 0, 0, 0, 0, 0, 0, 0, 0, 0, 0, 0, 0, 0, 0, 0, 0, 0, 0, 0, 0, 0, 0, 0, 0, 2, 0, 0, 0, 0, 0, 0, 0, 0, 0, 0, 0, 0, 0, 0, 0, 0, 0, 0, 0, 0, 0, 0, 0, 0, 0, 0, 0, 0, 0, 0, 0, 0, 0, 0, 0, 2, 0, 0, 0, 0, 0, 0, 0, 0, 0, 0, 0, 0, 0, 0, 0, 0, 0, 0, 0, 0, 0, 0, 0, 0, 0, 0, 0, 0, 0, 0, 0, 
IDA*
 explored_nodes: 2690, 290, 1292, 466, 323, 380, 1390, 575, 1555, 160, 1252, 472, 652, 4194, 1035, 861, 68, 233, 453, 570, 101, 669, 3185, 215, 194, 114, 657, 913, 256, 450, 469, 1696, 4425, 154, 2170, 859, 322, 1269, 198, 952, 2746, 1409, 641, 9497, 1556, 342, 1090, 702, 341, 306, 432, 1962, 323, 557, 309, 5262, 370, 1291, 826, 535, 409, 303, 232, 501, 308, 610, 1257, 288, 3134, 199, 498, 212, 506, 266, 244, 631, 336, 3262, 241, 2610, 228, 321, 457, 202, 280, 175, 1090, 178, 253, 2316, 1039, 233, 4404, 285, 218, 1501, 591, 371, 440, 225, 
 suboptimal_solution: 4, 2, 4, 2, 2, 2, 2, 2, 2, 2, 4, 2, 2, 4, 2, 2, 0, 2, 2, 2, 0, 2, 4, 2, 2, 0, 2, 2, 2, 2, 2, 4, 4, 2, 4, 2, 2, 2, 2, 2, 4, 4, 2, 4, 4, 2, 2, 2, 2, 2, 2, 4, 2, 2, 2, 4, 2, 2, 2, 2, 2, 2, 2, 2, 2, 2, 4, 2, 4, 2, 2, 2, 2, 2, 2, 2, 2, 4, 2, 4, 2, 2, 2, 2, 2, 2, 2, 2, 2, 4, 2, 2, 4, 2, 2, 2, 2, 2, 2, 2, 

A* nodes average: 47.25
A* suboptimal average: 0.06
IDA* nodes average: 995.3
IDA* suboptimal average: 2.34

