
------start:------
A*
 explored_nodes: 84, 38, 30, 68, 35, 27, 24, 69, 40, 32, 28, 28, 41, 35, 42, 78, 42, 46, 41, 51, 26, 41, 54, 28, 28, 31, 31, 63, 25, 32, 34, 48, 32, 36, 31, 51, 29, 29, 44, 35, 32, 65, 33, 47, 32, 26, 32, 30, 31, 66, 27, 47, 42, 46, 45, 48, 58, 51, 27, 33, 29, 39, 42, 34, 77, 36, 49, 32, 47, 65, 87, 52, 32, 59, 31, 37, 47, 25, 32, 51, 28, 28, 23, 102, 83, 32, 49, 48, 39, 24, 30, 28, 55, 40, 26, 56, 38, 35, 44, 36, 
 suboptimal_solution: 0, 0, 0, 4, 0, 0, 0, 10, 2, 0, 0, 0, 0, 2, 0, 0, 2, 0, 0, 0, 0, 2, 2, 0, 0, 0, 0, 6, 0, 0, 0, 4, 0, 0, 0, 0, 0, 2, 4, 0, 0, 0, 0, 2, 2, 0, 0, 0, 0, 0, 2, 0, 0, 2, 0, 0, 4, 0, 0, 0, 0, 4, 4, 2, 4, 4, 0, 0, 0, 4, 8, 2, 4, 4, 0, 2, 4, 0, 0, 4, 0, 2, 0, 4, 4, 0, 0, 0, 0, 0, 0, 4, 4, 0, 0, 0, 2, 0, 0, 0, 
IDA*
 explored_nodes: 2202, 1036, 696, 14087, 1624, 567, 231, 1680, 6027, 609, 256, 199, 605, 264, 531, 13641, 787, 14065, 5803, 748, 176, 1209, 6195, 1160, 1268, 17640, 562, 46461, 925, 811, 937, 771, 133, 11795, 1701, 573, 219, 203, 264, 1861, 353, 23892, 104525, 3881, 454, 77, 408, 1002, 1345, 4772, 357, 1815, 1554, 9490, 1128, 5224, 957, 16368, 4800, 1819, 491, 3546, 756, 16333, 2837, 726, 2326, 717, 460, 9900, 38943, 5376, 10727, 40406, 686, 849, 719, 381, 2396, 936, 195, 863, 195, 64435, 69552, 138, 4026, 1375, 1327, 119, 412, 471, 12310, 3675, 116, 2930, 860, 4848, 1088, 209, 
 suboptimal_solution: 12, 10, 10, 12, 14, 6, 6, 14, 12, 12, 6, 8, 8, 8, 10, 10, 8, 12, 10, 10, 6, 10, 10, 8, 8, 12, 6, 10, 8, 8, 8, 10, 6, 10, 8, 8, 6, 6, 12, 8, 6, 10, 12, 10, 12, 4, 8, 10, 8, 12, 6, 10, 8, 10, 10, 10, 12, 10, 12, 20, 10, 10, 10, 10, 10, 8, 12, 8, 10, 10, 14, 10, 10, 10, 6, 6, 10, 8, 10, 12, 6, 10, 8, 14, 14, 8, 12, 8, 8, 6, 8, 14, 12, 12, 14, 10, 8, 10, 12, 8, 

A* nodes average: 41.72
A* suboptimal average: 1.22
IDA* nodes average: 6533.98
IDA* suboptimal average: 9.62


------middle:------
A*
 explored_nodes: 40, 24, 30, 29, 33, 22, 37, 24, 24, 46, 22, 70, 49, 25, 24, 24, 59, 33, 35, 39, 35, 36, 45, 25, 29, 43, 24, 36, 35, 23, 28, 24, 25, 36, 42, 39, 45, 39, 28, 71, 23, 40, 61, 28, 24, 51, 53, 40, 30, 25, 27, 47, 26, 48, 34, 21, 24, 21, 35, 58, 22, 27, 35, 34, 27, 24, 29, 70, 30, 42, 40, 27, 29, 32, 25, 27, 26, 31, 64, 29, 21, 26, 38, 39, 48, 26, 40, 40, 34, 26, 21, 44, 39, 31, 53, 58, 24, 39, 34, 26, 
 suboptimal_solution: 2, 0, 0, 0, 0, 0, 2, 0, 0, 0, 0, 4, 6, 0, 0, 0, 6, 4, 0, 2, 0, 2, 4, 0, 0, 0, 0, 0, 0, 0, 4, 0, 2, 0, 0, 0, 4, 2, 0, 10, 0, 0, 12, 0, 2, 0, 4, 2, 0, 0, 0, 4, 0, 2, 2, 0, 0, 0, 0, 0, 0, 0, 4, 2, 0, 0, 0, 8, 0, 0, 4, 0, 0, 0, 0, 0, 0, 0, 6, 0, 0, 0, 0, 8, 0, 0, 0, 0, 4, 2, 0, 6, 4, 0, 0, 2, 0, 0, 4, 2, 
IDA*
 explored_nodes: 4231, 696, 1621, 508, 521, 107, 780, 1903, 124, 411, 73, 9802, 11377, 129, 636, 203, 296, 335, 340, 1850, 1003, 220, 846, 167, 905, 2010, 210, 1676, 803, 184, 132, 195, 163, 9881, 435, 285, 949, 3054, 156, 26396, 421, 2268, 21242, 453, 632, 1502, 2073, 4221, 1173, 153, 699, 6600, 207, 1771, 471, 89, 141, 176, 4692, 8198, 58, 197, 295, 4613, 114, 245, 372, 3206, 406, 3596, 2570, 256, 740, 2411, 324, 177, 607, 223, 1848, 168, 60, 197, 200, 1178, 6896, 695, 797, 3277, 363, 272, 129, 2163, 429, 1721, 3988, 16226, 233, 711, 5352, 144, 
 suboptimal_solution: 10, 10, 10, 10, 10, 4, 8, 10, 8, 14, 4, 12, 14, 8, 6, 4, 10, 10, 10, 10, 14, 4, 8, 6, 10, 10, 8, 8, 10, 8, 12, 6, 8, 8, 8, 6, 12, 12, 6, 14, 8, 12, 18, 8, 10, 12, 10, 10, 8, 10, 8, 8, 6, 6, 10, 4, 8, 4, 8, 12, 2, 8, 8, 10, 8, 6, 6, 14, 8, 10, 12, 6, 8, 10, 6, 6, 8, 8, 10, 8, 4, 6, 6, 12, 12, 8, 10, 10, 14, 8, 8, 14, 12, 8, 12, 10, 10, 14, 10, 8, 

A* nodes average: 34.9
A* suboptimal average: 1.38
IDA* nodes average: 2102.52
IDA* suboptimal average: 8.98


------end:------
A*
 explored_nodes: 62, 58, 73, 49, 64, 50, 29, 32, 122, 58, 82, 27, 140, 41, 66, 89, 69, 123, 40, 41, 43, 30, 28, 67, 127, 37, 89, 28, 75, 67, 64, 125, 65, 63, 30, 91, 28, 55, 38, 135, 62, 69, 30, 60, 55, 26, 143, 25, 25, 36, 56, 48, 40, 51, 64, 31, 30, 44, 64, 41, 43, 57, 102, 46, 45, 76, 166, 39, 40, 87, 67, 126, 173, 58, 95, 27, 36, 52, 72, 125, 56, 37, 35, 30, 59, 66, 58, 86, 89, 32, 21, 142, 22, 47, 36, 326, 87, 37, 104, 101, 
 suboptimal_solution: 0, 0, 2, 2, 2, 0, 0, 0, 0, 0, 0, 0, 0, 0, 0, 2, 2, 4, 2, 0, 0, 0, 0, 0, 4, 0, 0, 0, 0, 0, 0, 2, 2, 0, 0, 2, 0, 0, 0, 2, 0, 2, 2, 0, 2, 0, 4, 0, 0, 0, 0, 0, 0, 0, 0, 0, 0, 0, 2, 2, 0, 0, 2, 0, 0, 2, 4, 0, 0, 4, 2, 0, 0, 2, 2, 0, 0, 0, 4, 0, 0, 0, 0, 0, 2, 0, 2, 0, 2, 0, 0, 2, 0, 2, 0, 2, 2, 0, 4, 2, 
IDA*
 explored_nodes: 1253, 6439, 7409, 2527, 12646, 1368, 183, 982, 11806, 9507, 6233, 636, 74100, 784, 1324, 5658, 2867, 15303, 1104, 1406, 2091, 160, 210, 446, 9057, 770, 8883, 255, 11308, 4015, 11959, 21204, 202, 3460, 216, 3379, 168, 3063, 563, 8524, 387, 6883, 551, 630, 2200, 203, 2925, 141, 468, 1903, 593, 828, 1022, 1181, 2848, 168, 372, 1501, 670, 1665, 647, 496, 3545, 1037, 560, 23092, 42734, 785, 1624, 11864, 1667, 17367, 31300, 2103, 516, 169, 677, 8168, 6943, 89594, 3122, 696, 471, 1393, 3706, 3905, 959, 25272, 12952, 773, 106, 19691, 84, 5616, 290, 54090, 7418, 1404, 4745, 9251, 
 suboptimal_solution: 4, 6, 6, 6, 6, 4, 4, 4, 6, 6, 6, 4, 8, 4, 4, 6, 6, 6, 4, 4, 6, 2, 4, 2, 6, 2, 4, 4, 6, 4, 6, 6, 4, 4, 2, 4, 2, 4, 4, 6, 4, 4, 2, 4, 4, 4, 4, 2, 4, 6, 4, 4, 4, 4, 6, 2, 4, 4, 4, 4, 4, 4, 6, 4, 2, 6, 8, 4, 4, 6, 6, 6, 6, 4, 4, 2, 4, 4, 8, 8, 4, 4, 4, 4, 4, 6, 4, 6, 6, 4, 2, 6, 2, 6, 2, 8, 6, 4, 6, 6, 

A* nodes average: 66.03
A* suboptimal average: 0.84
IDA* nodes average: 6814.39
IDA* suboptimal average: 4.58

