
------start:------
A*
 explored_nodes: 19, 17, 21, 21, 18, 18, 21, 21, 19, 22, 20, 22, 21, 22, 28, 20, 23, 18, 20, 20, 17, 21, 19, 22, 28, 24, 22, 18, 17, 18, 20, 18, 19, 17, 19, 19, 22, 20, 22, 18, 20, 22, 20, 22, 24, 20, 21, 17, 17, 24, 22, 20, 17, 20, 19, 18, 25, 17, 18, 20, 23, 16, 19, 21, 22, 19, 20, 24, 20, 20, 23, 18, 16, 19, 24, 20, 19, 16, 19, 17, 18, 21, 20, 21, 26, 16, 16, 20, 22, 19, 20, 24, 22, 16, 22, 25, 20, 20, 21, 23, 
 suboptimal_solution: 0, 0, 0, 0, 0, 0, 0, 0, 0, 0, 0, 0, 0, 0, 0, 0, 0, 0, 0, 0, 0, 0, 0, 0, 0, 0, 0, 0, 0, 0, 0, 0, 0, 0, 0, 0, 0, 0, 0, 0, 0, 0, 0, 0, 0, 0, 0, 0, 0, 0, 0, 0, 0, 0, 0, 0, 0, 0, 0, 0, 0, 0, 0, 0, 0, 0, 0, 0, 0, 0, 0, 0, 0, 0, 0, 0, 0, 0, 0, 0, 0, 0, 0, 0, 0, 0, 0, 0, 0, 0, 0, 0, 0, 0, 0, 0, 0, 0, 0, 0, 
IDA*
 explored_nodes: 85, 42, 30, 52, 48, 86, 43, 44, 74, 62, 97, 78, 68, 40, 76, 91, 100, 60, 63, 45, 76, 64, 41, 43, 247, 82, 50, 76, 42, 64, 54, 40, 75, 52, 70, 41, 136, 42, 75, 54, 70, 51, 39, 29, 66, 45, 59, 60, 61, 73, 76, 49, 49, 48, 50, 45, 41, 57, 44, 46, 70, 99, 174, 57, 51, 53, 115, 135, 52, 42, 63, 136, 91, 45, 68, 45, 65, 42, 36, 44, 54, 49, 60, 76, 52, 51, 47, 91, 107, 157, 80, 61, 56, 39, 125, 73, 127, 72, 80, 41, 
 suboptimal_solution: 0, 0, 0, 0, 0, 0, 0, 0, 0, 0, 0, 0, 0, 0, 0, 0, 0, 0, 0, 0, 0, 0, 0, 0, 0, 0, 0, 0, 0, 0, 0, 0, 0, 0, 0, 0, 0, 0, 0, 0, 0, 0, 0, 0, 0, 0, 0, 0, 0, 0, 0, 0, 0, 0, 0, 0, 0, 0, 0, 0, 0, 0, 0, 0, 0, 0, 0, 0, 0, 0, 0, 0, 0, 0, 0, 0, 0, 0, 0, 0, 0, 0, 0, 0, 0, 0, 0, 0, 0, 0, 0, 0, 0, 0, 0, 0, 0, 0, 0, 0, 

A* nodes average: 20.21
A* suboptimal average: 0.0
IDA* nodes average: 67.47
IDA* suboptimal average: 0.0


------middle:------
A*
 explored_nodes: 21, 18, 20, 24, 19, 17, 22, 19, 25, 19, 21, 18, 23, 22, 18, 18, 19, 24, 19, 17, 20, 17, 21, 26, 22, 18, 20, 19, 20, 17, 20, 18, 19, 25, 27, 22, 21, 18, 20, 19, 21, 20, 28, 23, 20, 20, 17, 17, 22, 21, 23, 23, 19, 18, 19, 18, 24, 21, 16, 18, 21, 18, 20, 18, 22, 19, 19, 21, 23, 19, 18, 20, 20, 23, 17, 20, 20, 18, 21, 20, 19, 20, 22, 19, 18, 17, 18, 22, 23, 27, 20, 23, 19, 19, 20, 19, 20, 21, 18, 24, 
 suboptimal_solution: 0, 0, 0, 0, 0, 0, 0, 0, 0, 0, 0, 0, 0, 0, 0, 0, 0, 0, 0, 0, 0, 0, 0, 0, 0, 0, 0, 0, 0, 0, 0, 0, 0, 0, 0, 0, 0, 0, 0, 0, 0, 0, 0, 0, 0, 0, 0, 0, 0, 0, 0, 0, 0, 0, 0, 0, 0, 0, 0, 0, 0, 0, 0, 0, 0, 0, 0, 0, 0, 0, 0, 0, 0, 0, 0, 0, 0, 0, 0, 0, 0, 0, 0, 0, 0, 0, 0, 0, 0, 0, 0, 0, 0, 0, 0, 0, 0, 0, 0, 0, 
IDA*
 explored_nodes: 69, 62, 54, 196, 45, 36, 58, 53, 150, 52, 62, 36, 80, 70, 93, 56, 54, 144, 44, 32, 33, 53, 47, 60, 39, 53, 44, 155, 34, 36, 54, 50, 48, 80, 88, 54, 94, 136, 37, 34, 55, 65, 67, 36, 57, 48, 49, 39, 65, 40, 307, 102, 82, 36, 45, 58, 89, 71, 35, 47, 70, 40, 81, 92, 78, 43, 40, 57, 57, 37, 51, 278, 50, 32, 44, 52, 54, 45, 42, 39, 42, 60, 71, 167, 181, 51, 43, 47, 92, 73, 36, 106, 48, 163, 52, 58, 44, 121, 87, 40, 
 suboptimal_solution: 0, 0, 0, 0, 0, 0, 0, 0, 0, 0, 0, 0, 0, 0, 0, 0, 0, 0, 0, 0, 0, 0, 0, 0, 0, 0, 0, 0, 0, 0, 0, 0, 0, 0, 0, 0, 0, 0, 0, 0, 0, 0, 0, 0, 0, 0, 0, 0, 0, 0, 0, 0, 0, 0, 0, 0, 0, 0, 0, 0, 0, 0, 0, 0, 0, 0, 0, 0, 0, 0, 0, 0, 0, 0, 0, 0, 0, 0, 0, 0, 0, 0, 0, 0, 0, 0, 0, 0, 0, 0, 0, 0, 0, 0, 0, 0, 0, 0, 0, 0, 

A* nodes average: 20.25
A* suboptimal average: 0.0
IDA* nodes average: 69.32
IDA* suboptimal average: 0.0


------end:------
A*
 explored_nodes: 17, 17, 16, 16, 17, 17, 17, 16, 17, 16, 17, 16, 16, 16, 17, 16, 16, 16, 19, 16, 16, 17, 17, 16, 16, 17, 16, 16, 16, 17, 16, 17, 17, 17, 17, 16, 16, 16, 16, 17, 16, 17, 16, 16, 18, 16, 16, 17, 16, 18, 16, 16, 16, 16, 18, 17, 16, 16, 16, 16, 18, 16, 17, 16, 16, 16, 17, 16, 17, 16, 16, 16, 18, 18, 18, 17, 16, 16, 19, 17, 17, 16, 16, 16, 16, 16, 16, 16, 16, 17, 16, 16, 16, 17, 17, 17, 17, 16, 16, 17, 
 suboptimal_solution: 0, 0, 0, 0, 0, 0, 0, 0, 0, 0, 0, 0, 0, 0, 0, 0, 0, 0, 0, 0, 0, 0, 0, 0, 0, 0, 0, 0, 0, 0, 0, 0, 0, 0, 0, 0, 0, 0, 0, 0, 0, 0, 0, 0, 0, 0, 0, 0, 0, 0, 0, 0, 0, 0, 0, 0, 0, 0, 0, 0, 0, 0, 0, 0, 0, 0, 0, 0, 0, 0, 0, 0, 0, 0, 0, 0, 0, 0, 0, 0, 0, 0, 0, 0, 0, 0, 0, 0, 0, 0, 0, 0, 0, 0, 0, 0, 0, 0, 0, 0, 
IDA*
 explored_nodes: 45, 48, 30, 32, 39, 33, 37, 32, 36, 32, 33, 34, 37, 32, 30, 39, 33, 38, 41, 30, 30, 32, 33, 34, 37, 38, 38, 37, 35, 30, 34, 38, 33, 43, 60, 45, 34, 42, 59, 43, 36, 34, 31, 26, 42, 36, 34, 32, 59, 36, 36, 48, 34, 38, 33, 34, 33, 32, 33, 37, 39, 36, 38, 36, 42, 32, 38, 30, 36, 26, 29, 36, 38, 29, 42, 37, 30, 30, 34, 29, 35, 35, 33, 33, 32, 33, 32, 37, 34, 61, 29, 48, 38, 32, 45, 37, 44, 44, 32, 38, 
 suboptimal_solution: 0, 0, 0, 0, 0, 0, 0, 0, 0, 0, 0, 0, 0, 0, 0, 0, 0, 0, 0, 0, 0, 0, 0, 0, 0, 0, 0, 0, 0, 0, 0, 0, 0, 0, 0, 0, 0, 0, 0, 0, 0, 0, 0, 0, 0, 0, 0, 0, 0, 0, 0, 0, 0, 0, 0, 0, 0, 0, 0, 0, 0, 0, 0, 0, 0, 0, 0, 0, 0, 0, 0, 0, 0, 0, 0, 0, 0, 0, 0, 0, 0, 0, 0, 0, 0, 0, 0, 0, 0, 0, 0, 0, 0, 0, 0, 0, 0, 0, 0, 0, 

A* nodes average: 16.52
A* suboptimal average: 0.0
IDA* nodes average: 36.49
IDA* suboptimal average: 0.0

