
------start:------
A*
 explored_nodes: 117, 137, 42, 37, 42, 55, 62, 119, 90, 44, 73, 45, 52, 67, 65, 37, 40, 55, 45, 99, 68, 101, 40, 87, 55, 60, 50, 57, 62, 50, 47, 52, 35, 95, 60, 51, 37, 46, 59, 33, 39, 79, 42, 38, 110, 64, 32, 60, 65, 44, 59, 54, 80, 51, 62, 37, 41, 54, 51, 45, 72, 34, 47, 31, 40, 44, 56, 42, 44, 56, 101, 44, 38, 63, 32, 36, 53, 56, 57, 45, 97, 83, 34, 66, 37, 89, 37, 65, 69, 60, 46, 66, 54, 87, 50, 44, 65, 53, 49, 35, 
 suboptimal_solution: 2, 0, 0, 0, 2, 2, 0, 0, 4, 0, 2, 0, 0, 6, 0, 4, 0, 0, 0, 2, 2, 0, 0, 2, 4, 0, 0, 0, 2, 2, 0, 0, 2, 2, 0, 0, 0, 0, 0, 0, 0, 2, 2, 0, 2, 2, 0, 2, 4, 0, 0, 0, 4, 2, 2, 0, 0, 0, 0, 4, 0, 0, 0, 2, 2, 0, 2, 2, 0, 2, 0, 0, 0, 2, 2, 0, 0, 0, 0, 0, 4, 2, 0, 10, 0, 0, 0, 4, 0, 0, 0, 0, 0, 2, 0, 0, 4, 0, 0, 0, 
IDA*
 explored_nodes: 5410, 9253, 589, 392, 2456, 1567, 1233, 20460, 7780, 155, 4201, 406, 1972, 4727, 1506, 928, 332, 1923, 454, 3612, 4419, 10182, 506, 435, 2079, 1029, 4820, 252, 3453, 2536, 615, 1123, 457, 8801, 2053, 539, 547, 326, 1360, 426, 322, 1402, 280, 233, 55285, 299, 592, 1580, 1138, 751, 306, 509, 30356, 462, 3017, 158, 3848, 1096, 250, 1207, 4293, 236, 802, 239, 249, 455, 6241, 482, 282, 3721, 6828, 2810, 351, 16194, 426, 494, 582, 1283, 2985, 661, 11819, 14330, 427, 8877, 687, 7417, 644, 5825, 1515, 6291, 481, 17953, 490, 3478, 4632, 958, 1242, 533, 494, 257, 
 suboptimal_solution: 10, 14, 6, 8, 10, 8, 6, 8, 10, 8, 10, 6, 8, 12, 8, 12, 6, 10, 8, 10, 10, 8, 6, 8, 10, 6, 8, 6, 10, 8, 6, 8, 6, 12, 8, 8, 6, 8, 8, 6, 6, 8, 8, 8, 10, 8, 14, 8, 10, 6, 8, 8, 12, 8, 10, 6, 10, 8, 4, 8, 10, 6, 8, 12, 6, 6, 8, 8, 8, 8, 10, 10, 4, 10, 8, 4, 10, 8, 10, 6, 10, 10, 6, 14, 8, 6, 6, 10, 10, 8, 8, 12, 8, 10, 10, 6, 10, 8, 8, 8, 

A* nodes average: 57.52
A* suboptimal average: 1.06
IDA* nodes average: 3563.69
IDA* suboptimal average: 8.38


------middle:------
A*
 explored_nodes: 52, 32, 54, 73, 70, 55, 36, 31, 90, 41, 46, 59, 44, 63, 46, 36, 37, 42, 36, 56, 66, 41, 44, 65, 43, 46, 49, 32, 43, 63, 36, 41, 47, 44, 60, 65, 111, 49, 48, 40, 59, 37, 61, 45, 34, 60, 59, 46, 47, 44, 48, 38, 55, 73, 44, 68, 42, 30, 45, 58, 69, 44, 39, 57, 51, 60, 32, 49, 39, 40, 31, 73, 42, 53, 38, 62, 43, 35, 33, 55, 54, 57, 49, 47, 35, 51, 55, 38, 68, 60, 51, 100, 69, 62, 53, 34, 64, 40, 45, 58, 
 suboptimal_solution: 0, 0, 2, 0, 4, 2, 0, 2, 4, 2, 4, 0, 0, 2, 0, 0, 0, 2, 0, 2, 2, 0, 0, 0, 0, 4, 0, 0, 0, 4, 0, 0, 0, 0, 0, 2, 4, 2, 2, 0, 2, 0, 4, 2, 0, 2, 6, 0, 0, 0, 0, 0, 0, 4, 0, 0, 0, 0, 0, 0, 2, 0, 0, 2, 0, 2, 0, 4, 2, 2, 0, 2, 0, 0, 0, 2, 0, 0, 0, 4, 4, 2, 2, 2, 2, 0, 2, 0, 0, 0, 0, 6, 0, 2, 0, 0, 0, 2, 0, 0, 
IDA*
 explored_nodes: 6554, 150, 1496, 3643, 6691, 947, 163, 191, 1823, 1129, 336, 4227, 839, 1045, 3234, 572, 195, 878, 757, 1644, 1355, 454, 625, 934, 917, 473, 1483, 142, 506, 2707, 580, 1994, 2858, 1538, 1555, 51649, 4898, 1390, 194, 845, 2107, 683, 2030, 433, 131, 890, 1701, 568, 990, 410, 345, 379, 132038, 3319, 2954, 584, 526, 162, 774, 1617, 1176, 500, 238, 511, 1429, 3418, 339, 1313, 261, 366, 124, 4611, 240, 7507, 384, 1875, 234, 1258, 121, 1567, 247, 1359, 578, 3756, 207, 210, 5330, 1104, 11412, 981, 375, 2970, 357, 1029, 2214, 154, 1056, 251, 1029, 1275, 
 suboptimal_solution: 6, 6, 12, 10, 8, 8, 6, 6, 8, 8, 6, 8, 8, 12, 6, 4, 6, 10, 8, 12, 8, 4, 8, 8, 6, 8, 10, 6, 8, 8, 6, 8, 8, 6, 10, 10, 10, 8, 8, 10, 8, 6, 10, 6, 6, 8, 10, 4, 8, 8, 8, 4, 12, 10, 10, 6, 8, 6, 8, 8, 10, 8, 6, 8, 8, 10, 8, 10, 8, 6, 6, 8, 4, 8, 6, 8, 8, 8, 10, 8, 10, 8, 8, 10, 4, 10, 10, 8, 12, 10, 8, 10, 8, 8, 6, 6, 10, 6, 6, 8, 

A* nodes average: 50.6
A* suboptimal average: 1.12
IDA* nodes average: 3296.18
IDA* suboptimal average: 7.92


------end:------
A*
 explored_nodes: 55, 94, 70, 132, 39, 53, 143, 65, 91, 36, 53, 82, 105, 38, 111, 130, 159, 70, 136, 37, 56, 137, 40, 162, 61, 44, 72, 65, 107, 161, 39, 93, 64, 70, 130, 83, 261, 66, 100, 67, 50, 67, 62, 36, 132, 119, 84, 131, 81, 65, 55, 119, 54, 100, 103, 131, 48, 82, 113, 86, 45, 84, 70, 174, 235, 185, 77, 80, 121, 37, 94, 185, 56, 107, 74, 53, 180, 63, 123, 72, 38, 50, 55, 129, 66, 152, 151, 52, 33, 60, 143, 55, 143, 112, 141, 160, 70, 46, 119, 57, 
 suboptimal_solution: 0, 0, 0, 0, 0, 0, 0, 0, 0, 0, 0, 0, 0, 0, 0, 0, 0, 0, 0, 0, 0, 0, 0, 0, 0, 0, 0, 0, 0, 0, 0, 0, 0, 0, 0, 0, 0, 0, 0, 0, 0, 0, 0, 0, 0, 0, 0, 0, 0, 0, 2, 0, 0, 0, 0, 0, 0, 0, 0, 2, 0, 0, 0, 0, 0, 0, 0, 0, 2, 0, 0, 0, 0, 0, 2, 0, 2, 0, 2, 0, 0, 0, 0, 0, 0, 0, 0, 0, 0, 0, 2, 0, 0, 2, 2, 0, 0, 0, 0, 0, 
IDA*
 explored_nodes: 196, 9733, 1680, 2829, 182, 576, 2563, 323, 1934, 81, 645, 457, 1965, 514, 770, 3740, 2935, 1117, 8439, 293, 1353, 2033, 221, 8797, 953, 205, 867, 307, 2288, 743, 463, 1259, 1484, 565, 2798, 6114, 11473, 866, 1347, 254, 695, 412, 2985, 197, 3086, 4070, 105, 4089, 2179, 251, 684, 1372, 840, 1679, 1437, 4114, 380, 2816, 1757, 735, 299, 2338, 373, 3484, 117046, 2694, 760, 4216, 1022, 183, 534, 5848, 214, 1133, 3912, 551, 5875, 516, 10600, 5667, 113, 159, 772, 4410, 661, 3084, 1342, 629, 369, 2694, 3633, 1088, 911, 1031, 3421, 11876, 1148, 199, 814, 298, 
 suboptimal_solution: 2, 6, 4, 4, 2, 4, 4, 4, 4, 2, 4, 2, 2, 4, 4, 6, 4, 4, 6, 2, 4, 4, 2, 6, 4, 2, 4, 2, 4, 4, 4, 4, 4, 2, 4, 6, 6, 4, 4, 2, 4, 2, 6, 2, 4, 4, 4, 4, 6, 4, 4, 4, 4, 4, 4, 6, 2, 4, 4, 4, 2, 6, 2, 6, 6, 4, 2, 6, 4, 4, 4, 6, 2, 4, 6, 4, 4, 2, 6, 6, 0, 4, 4, 4, 4, 4, 4, 4, 4, 4, 4, 4, 4, 4, 4, 4, 4, 2, 4, 2, 

A* nodes average: 92.42
A* suboptimal average: 0.18
IDA* nodes average: 3251.62
IDA* suboptimal average: 3.88

