
------start:------
A*
 explored_nodes: 39, 29, 80, 34, 77, 49, 50, 36, 22, 37, 35, 31, 19, 48, 43, 21, 32, 31, 26, 34, 28, 45, 60, 35, 21, 42, 23, 35, 34, 43, 20, 30, 34, 19, 30, 59, 21, 42, 54, 28, 21, 41, 29, 44, 56, 34, 48, 52, 30, 36, 41, 28, 46, 85, 36, 22, 51, 33, 36, 65, 30, 57, 26, 45, 23, 81, 32, 27, 25, 106, 28, 85, 52, 30, 34, 43, 46, 56, 59, 45, 49, 66, 52, 30, 34, 31, 27, 28, 47, 49, 37, 25, 29, 51, 89, 66, 50, 26, 44, 55, 
 suboptimal_solution: 0, 0, 6, 0, 0, 2, 2, 4, 0, 2, 0, 0, 0, 6, 0, 0, 0, 0, 0, 0, 0, 0, 4, 0, 0, 0, 0, 0, 0, 0, 0, 0, 4, 0, 2, 6, 0, 0, 0, 0, 0, 0, 0, 0, 0, 0, 0, 2, 0, 0, 0, 0, 6, 4, 0, 0, 0, 0, 2, 0, 2, 0, 0, 4, 0, 2, 2, 0, 0, 4, 0, 4, 4, 0, 0, 0, 0, 0, 0, 0, 0, 0, 0, 0, 0, 0, 2, 0, 2, 4, 0, 0, 4, 0, 2, 0, 0, 2, 0, 0, 
IDA*
 explored_nodes: 4955, 720, 364750, 2795, 167145, 5062, 1457, 6936, 319, 641, 3149, 2209, 259, 3734, 3470, 1824, 35608, 2732, 17405, 1054, 1657, 1396, 18720, 19467, 250, 797, 322, 925, 193681, 423, 107, 3034, 527, 264, 2307, 4378737, 84, 32576, 17708, 18697, 174, 2489, 1818, 5664, 301726, 284, 114432, 35669, 317, 2700, 4940, 4037, 220750, 9233, 5260, 376, 7441, 3870, 23940, 17488, 3912, 4979, 336, 2792, 3077, 117308, 17908, 455, 854, 82618, 1730, 34065, 405, 866, 3785, 8284, 24614, 6022, 76115, 81407, 12882, 6091, 84662, 691, 3159, 13019, 7232, 1715, 13517, 3067, 845, 1020, 1823, 6840, 134916, 21040, 874130, 6493, 10377, 19899, 
 suboptimal_solution: 8, 6, 10, 2, 10, 6, 4, 8, 2, 4, 2, 2, 8, 8, 4, 2, 4, 4, 4, 6, 6, 2, 6, 8, 0, 4, 0, 2, 6, 8, 0, 4, 8, 4, 6, 10, 2, 8, 8, 12, 2, 2, 8, 6, 8, 6, 6, 8, 4, 4, 6, 2, 10, 8, 4, 4, 4, 4, 8, 8, 4, 6, 4, 6, 2, 6, 6, 2, 2, 8, 4, 8, 6, 4, 4, 6, 6, 6, 8, 8, 8, 8, 6, 4, 6, 4, 6, 4, 6, 8, 6, 4, 4, 8, 8, 8, 10, 2, 4, 8, 

A* nodes average: 41.25
A* suboptimal average: 0.9
IDA* nodes average: 77754.61
IDA* suboptimal average: 5.48


------middle:------
A*
 explored_nodes: 36, 42, 32, 19, 38, 17, 52, 46, 22, 23, 43, 46, 24, 35, 30, 26, 46, 33, 74, 23, 44, 20, 37, 38, 33, 60, 26, 20, 29, 22, 22, 24, 35, 30, 30, 25, 19, 35, 42, 23, 49, 31, 75, 26, 21, 22, 18, 22, 23, 47, 24, 21, 23, 23, 42, 94, 41, 29, 31, 42, 49, 26, 35, 23, 41, 18, 25, 25, 22, 38, 46, 26, 51, 56, 41, 22, 24, 34, 17, 41, 31, 28, 25, 19, 23, 29, 24, 37, 17, 27, 23, 27, 57, 38, 41, 49, 24, 41, 60, 22, 
 suboptimal_solution: 0, 0, 0, 0, 0, 0, 2, 4, 0, 0, 0, 0, 0, 0, 2, 2, 2, 0, 4, 0, 2, 0, 4, 4, 0, 4, 0, 0, 2, 0, 0, 2, 4, 0, 2, 0, 0, 0, 0, 0, 0, 0, 0, 2, 0, 0, 0, 0, 0, 0, 0, 0, 0, 0, 0, 6, 0, 0, 0, 0, 6, 0, 0, 0, 0, 0, 0, 0, 2, 4, 6, 2, 0, 8, 2, 0, 0, 4, 0, 8, 0, 0, 0, 0, 0, 2, 0, 0, 0, 2, 0, 2, 0, 2, 4, 0, 0, 4, 6, 0, 
IDA*
 explored_nodes: 2499, 44374, 7361, 46, 3424, 162, 19110, 1467, 507, 349, 6652, 252, 2290, 1920, 4977, 526, 9555, 3371, 106317, 198, 14291, 111, 2214, 20222, 836, 2724, 381, 135, 632, 716, 333, 71, 12919, 26541, 33646, 148, 204, 5623, 61336, 228, 121153, 1585, 204878, 2795, 179, 111, 899, 231, 2694, 33769, 806, 88, 260, 2077, 5087, 106938, 31930, 239, 2829, 27882, 2101, 699, 525, 235, 3326, 206, 1406, 966, 120, 4007, 19526, 445, 13505, 4511223, 639, 114, 1071, 7563, 111, 16994, 1093, 958, 16349, 322, 954, 1427, 775, 23441, 629, 984, 1396, 406, 31286, 885, 13765, 2368, 89, 465, 82699, 196, 
 suboptimal_solution: 4, 8, 2, 4, 8, 0, 8, 4, 0, 0, 6, 4, 2, 8, 4, 2, 4, 0, 10, 0, 4, 0, 6, 6, 6, 8, 0, 0, 2, 4, 2, 8, 6, 4, 8, 4, 0, 6, 8, 0, 6, 2, 10, 4, 0, 0, 6, 2, 2, 8, 8, 6, 0, 8, 6, 10, 8, 4, 6, 10, 6, 0, 4, 2, 6, 0, 6, 6, 6, 6, 6, 4, 6, 10, 4, 2, 6, 6, 2, 10, 2, 2, 8, 4, 6, 2, 6, 6, 4, 6, 2, 4, 8, 4, 6, 6, 2, 8, 10, 2, 

A* nodes average: 33.27
A* suboptimal average: 1.12
IDA* nodes average: 57103.67
IDA* suboptimal average: 4.62


------end:------
A*
 explored_nodes: 34, 37, 22, 19, 24, 50, 36, 62, 30, 48, 23, 28, 35, 26, 76, 33, 37, 31, 33, 62, 26, 53, 43, 20, 58, 22, 75, 26, 25, 66, 42, 41, 43, 29, 48, 19, 26, 43, 23, 44, 29, 32, 113, 24, 185, 22, 19, 29, 54, 20, 33, 39, 20, 35, 19, 23, 20, 45, 24, 26, 44, 24, 29, 25, 27, 18, 25, 19, 41, 43, 21, 23, 27, 25, 25, 68, 44, 19, 25, 23, 18, 30, 22, 32, 17, 17, 20, 21, 54, 31, 39, 31, 30, 22, 23, 41, 18, 31, 26, 34, 
 suboptimal_solution: 0, 0, 0, 0, 0, 0, 0, 0, 0, 0, 0, 0, 0, 0, 0, 0, 2, 0, 0, 0, 0, 0, 2, 0, 2, 0, 4, 2, 0, 0, 0, 0, 0, 0, 0, 0, 0, 0, 0, 0, 0, 2, 6, 0, 6, 0, 0, 0, 4, 0, 2, 2, 0, 0, 0, 0, 0, 0, 0, 0, 0, 0, 0, 0, 0, 0, 0, 0, 0, 0, 0, 2, 0, 0, 0, 4, 0, 0, 2, 0, 0, 0, 0, 0, 0, 0, 0, 0, 2, 2, 0, 2, 0, 0, 0, 0, 0, 2, 0, 0, 
IDA*
 explored_nodes: 940, 3381, 232, 98, 300, 2759, 923, 6046, 467, 7297, 252, 870, 539, 207, 16994, 410, 912, 295, 848, 4523, 933, 8761, 1335, 147, 17458, 193, 7184, 468, 175, 9318, 3665, 715, 1362, 492, 1005, 85, 469, 2518, 323, 2598, 728, 474, 98767, 1635, 26612, 184, 258, 1572, 2435, 149, 257, 1825, 462, 4163, 126, 147, 81, 8485, 144, 416, 2667, 203, 152, 1112, 335, 260, 208, 55, 401, 3738, 104, 643, 182, 261, 259, 1570, 1238, 122, 2367, 155, 178, 1165, 92, 623, 89, 52, 136, 127, 296, 724, 3365, 944, 137, 229, 132, 583, 188, 263, 589, 1597, 
 suboptimal_solution: 4, 4, 2, 0, 2, 4, 4, 6, 2, 6, 0, 2, 2, 0, 6, 2, 4, 2, 4, 4, 2, 6, 2, 2, 6, 2, 6, 2, 2, 6, 4, 2, 4, 4, 4, 0, 2, 4, 2, 6, 4, 2, 8, 4, 6, 0, 2, 2, 4, 2, 2, 4, 2, 4, 0, 2, 0, 4, 2, 2, 4, 2, 2, 2, 4, 0, 2, 0, 2, 4, 2, 4, 2, 2, 2, 4, 4, 0, 4, 0, 0, 4, 2, 2, 0, 0, 0, 2, 2, 4, 4, 4, 2, 2, 0, 4, 2, 2, 2, 4, 

A* nodes average: 34.81
A* suboptimal average: 0.5
IDA* nodes average: 2839.58
IDA* suboptimal average: 2.72

