
------start:------
A*
 explored_nodes: 94, 94, 47, 50, 86, 74, 50, 53, 128, 55, 52, 43, 56, 51, 81, 78, 61, 44, 50, 77, 89, 57, 44, 67, 71, 96, 40, 87, 39, 62, 54, 52, 67, 86, 42, 101, 49, 117, 76, 79, 89, 43, 68, 53, 48, 39, 108, 67, 97, 96, 66, 46, 58, 47, 112, 93, 111, 69, 97, 100, 44, 74, 86, 102, 112, 58, 62, 72, 85, 39, 34, 80, 43, 102, 54, 36, 83, 101, 86, 45, 59, 60, 64, 83, 32, 97, 66, 43, 53, 37, 68, 53, 94, 39, 48, 84, 55, 137, 48, 65, 
 suboptimal_solution: 0, 0, 0, 0, 0, 0, 0, 0, 0, 0, 0, 0, 0, 0, 0, 0, 0, 0, 0, 0, 0, 0, 0, 0, 0, 0, 0, 0, 0, 0, 0, 0, 0, 0, 0, 0, 0, 0, 0, 0, 0, 0, 0, 0, 0, 0, 0, 0, 0, 0, 0, 0, 0, 0, 0, 0, 0, 0, 0, 0, 0, 0, 0, 0, 0, 0, 0, 0, 0, 0, 0, 0, 0, 0, 0, 0, 0, 0, 0, 0, 0, 0, 0, 0, 0, 0, 0, 0, 0, 0, 0, 0, 0, 0, 0, 0, 0, 0, 0, 0, 
IDA*
 explored_nodes: 274, 832, 440, 506, 9987, 1767, 191, 2014, 166, 249, 512, 1709, 177, 441, 689, 1010, 332, 268, 129, 1520, 224, 1239, 418, 925, 161, 364, 298, 549, 149, 312, 215, 982, 498, 235, 301, 183, 210, 200, 509, 1594, 1325, 1176, 1973, 1369, 511, 647, 3046, 588, 653, 226, 318, 1514, 147, 1494, 965, 1207, 403, 328, 357, 456, 881, 454, 236, 650, 357, 802, 388, 336, 4269, 417, 226, 1416, 483, 279, 522, 452, 1237, 396, 198, 645, 333, 259, 2114, 716, 255, 115, 303, 249, 1114, 196, 773, 732, 331, 1856, 224, 269, 1100, 164, 529, 353, 
 suboptimal_solution: 0, 0, 0, 0, 0, 0, 0, 0, 0, 0, 0, 0, 0, 0, 0, 0, 0, 0, 0, 0, 0, 0, 0, 0, 0, 0, 0, 0, 0, 0, 0, 0, 0, 0, 0, 0, 0, 0, 0, 0, 0, 0, 0, 0, 0, 0, 0, 0, 0, 0, 0, 0, 0, 0, 0, 0, 0, 0, 0, 0, 0, 0, 0, 0, 0, 0, 0, 0, 0, 0, 0, 0, 0, 0, 0, 0, 0, 0, 0, 0, 0, 0, 0, 0, 0, 0, 0, 0, 0, 0, 0, 0, 0, 0, 0, 0, 0, 0, 0, 0, 

A* nodes average: 68.89
A* suboptimal average: 0.0
IDA* nodes average: 781.11
IDA* suboptimal average: 0.0


------middle:------
A*
 explored_nodes: 74, 69, 31, 40, 74, 56, 56, 42, 112, 52, 44, 69, 38, 48, 52, 71, 34, 64, 38, 50, 65, 41, 47, 49, 78, 98, 48, 66, 64, 46, 70, 35, 80, 41, 46, 69, 57, 91, 65, 65, 46, 44, 84, 51, 56, 31, 76, 50, 77, 80, 57, 36, 43, 52, 91, 77, 100, 109, 66, 69, 48, 63, 63, 55, 99, 48, 44, 71, 70, 38, 30, 58, 43, 88, 47, 36, 60, 75, 88, 48, 44, 49, 51, 47, 46, 81, 65, 48, 66, 44, 75, 43, 74, 41, 33, 78, 51, 82, 55, 52, 
 suboptimal_solution: 0, 0, 0, 0, 0, 0, 0, 0, 0, 0, 0, 0, 0, 0, 0, 0, 0, 0, 0, 0, 0, 0, 0, 0, 0, 0, 0, 0, 0, 0, 0, 0, 0, 0, 0, 0, 0, 0, 0, 0, 0, 0, 0, 0, 0, 0, 0, 0, 0, 0, 0, 0, 0, 0, 0, 0, 0, 0, 0, 0, 0, 0, 0, 0, 0, 0, 0, 0, 0, 0, 0, 0, 0, 0, 0, 0, 0, 0, 0, 0, 0, 0, 0, 0, 0, 0, 0, 0, 0, 0, 0, 0, 0, 0, 0, 0, 0, 0, 0, 0, 
IDA*
 explored_nodes: 225, 114, 69, 338, 624, 406, 165, 1611, 1708, 381, 133, 796, 322, 167, 399, 71, 235, 1300, 67, 510, 183, 943, 462, 118, 537, 126, 426, 550, 945, 121, 244, 195, 816, 42, 359, 452, 2532, 105, 60, 381, 539, 312, 2623, 470, 314, 885, 146, 704, 1887, 279, 212, 216, 4997, 16410, 737, 5916, 378, 277, 181, 875, 242, 278, 360, 651, 120, 728, 227, 1293, 592, 68, 190, 199, 310, 123, 1100, 409, 640, 2828, 660, 202, 230, 156, 176, 68, 537, 271, 444, 300, 778, 232, 237, 1386, 277, 192, 92, 335, 290, 505, 1626, 710, 
 suboptimal_solution: 0, 0, 0, 0, 0, 0, 0, 0, 0, 0, 0, 0, 0, 0, 0, 0, 0, 0, 0, 0, 0, 0, 0, 0, 0, 0, 0, 0, 0, 0, 0, 0, 0, 0, 0, 0, 0, 0, 0, 0, 0, 0, 0, 0, 0, 0, 0, 0, 0, 0, 0, 0, 0, 0, 0, 0, 0, 0, 0, 0, 0, 0, 0, 0, 0, 0, 0, 0, 0, 0, 0, 0, 0, 0, 0, 0, 0, 0, 0, 0, 0, 0, 0, 0, 0, 0, 0, 0, 0, 0, 0, 0, 0, 0, 0, 0, 0, 0, 0, 0, 

A* nodes average: 59.27
A* suboptimal average: 0.0
IDA* nodes average: 776.58
IDA* suboptimal average: 0.0


------end:------
A*
 explored_nodes: 52, 66, 26, 41, 45, 33, 31, 28, 93, 31, 32, 31, 28, 27, 50, 65, 31, 30, 28, 32, 55, 24, 32, 45, 42, 69, 33, 58, 33, 31, 27, 33, 40, 42, 35, 44, 38, 93, 54, 52, 40, 25, 38, 31, 28, 33, 63, 33, 60, 51, 55, 32, 36, 32, 54, 58, 68, 51, 57, 54, 30, 58, 56, 47, 76, 30, 31, 61, 58, 29, 35, 50, 30, 68, 30, 32, 33, 47, 60, 28, 28, 37, 30, 42, 30, 47, 55, 35, 39, 37, 61, 25, 57, 31, 29, 37, 31, 80, 37, 54, 
 suboptimal_solution: 0, 0, 0, 0, 0, 0, 0, 0, 0, 0, 0, 0, 0, 0, 0, 0, 0, 0, 0, 0, 0, 0, 0, 0, 0, 0, 0, 0, 0, 0, 0, 0, 0, 0, 0, 0, 0, 0, 0, 0, 0, 0, 0, 0, 0, 0, 0, 0, 0, 0, 0, 0, 0, 0, 0, 0, 0, 0, 0, 0, 0, 0, 0, 0, 0, 0, 0, 0, 0, 0, 0, 0, 0, 0, 0, 0, 0, 0, 0, 0, 0, 0, 0, 0, 0, 0, 0, 0, 0, 0, 0, 0, 0, 0, 0, 0, 0, 0, 0, 0, 
IDA*
 explored_nodes: 106, 104, 64, 104, 65, 165, 96, 73, 126, 145, 90, 144, 118, 118, 112, 152, 84, 66, 70, 77, 70, 51, 108, 105, 73, 84, 107, 98, 82, 165, 109, 98, 83, 55, 93, 99, 56, 125, 157, 68, 131, 48, 115, 68, 89, 121, 120, 153, 108, 111, 89, 79, 71, 69, 87, 92, 61, 64, 51, 151, 85, 120, 79, 115, 75, 169, 298, 86, 155, 146, 125, 80, 96, 179, 77, 78, 74, 58, 94, 102, 64, 123, 179, 56, 113, 50, 118, 71, 86, 179, 146, 56, 82, 169, 109, 81, 128, 114, 126, 104, 
 suboptimal_solution: 0, 0, 0, 0, 0, 0, 0, 0, 0, 0, 0, 0, 0, 0, 0, 0, 0, 0, 0, 0, 0, 0, 0, 0, 0, 0, 0, 0, 0, 0, 0, 0, 0, 0, 0, 0, 0, 0, 0, 0, 0, 0, 0, 0, 0, 0, 0, 0, 0, 0, 0, 0, 0, 0, 0, 0, 0, 0, 0, 0, 0, 0, 0, 0, 0, 0, 0, 0, 0, 0, 0, 0, 0, 0, 0, 0, 0, 0, 0, 0, 0, 0, 0, 0, 0, 0, 0, 0, 0, 0, 0, 0, 0, 0, 0, 0, 0, 0, 0, 0, 

A* nodes average: 42.9
A* suboptimal average: 0.0
IDA* nodes average: 102.88
IDA* suboptimal average: 0.0

