
------start:------
A*
 explored_nodes: 60, 47, 24, 28, 22, 36, 31, 32, 27, 40, 36, 21, 30, 30, 49, 27, 38, 33, 33, 27, 30, 26, 53, 27, 25, 30, 19, 28, 25, 24, 35, 35, 31, 34, 26, 27, 25, 24, 47, 29, 36, 43, 24, 36, 32, 35, 55, 27, 31, 44, 20, 28, 55, 20, 37, 18, 23, 31, 25, 27, 30, 28, 43, 34, 29, 52, 53, 37, 18, 43, 32, 43, 31, 23, 31, 23, 44, 29, 18, 28, 55, 31, 24, 44, 34, 26, 42, 21, 33, 27, 39, 29, 35, 26, 25, 29, 38, 47, 55, 20, 
 suboptimal_solution: 4, 0, 0, 0, 2, 0, 0, 0, 0, 0, 0, 0, 0, 0, 0, 0, 0, 0, 0, 0, 0, 0, 0, 0, 0, 0, 0, 0, 0, 0, 0, 0, 0, 0, 0, 0, 0, 0, 2, 0, 0, 0, 0, 0, 0, 0, 0, 0, 0, 2, 0, 0, 0, 0, 0, 0, 0, 0, 0, 0, 0, 0, 0, 0, 0, 0, 0, 0, 0, 0, 2, 0, 0, 0, 0, 0, 0, 0, 0, 0, 0, 0, 0, 0, 2, 0, 0, 0, 0, 0, 0, 0, 0, 0, 0, 0, 2, 0, 2, 0, 
IDA*
 explored_nodes: 3288, 7916, 303, 218, 153, 321, 2899, 1376, 92, 6692, 1450, 187, 1149, 531, 3564, 5218, 2056, 843, 2019, 770, 303, 488, 844, 2655, 199, 1618, 228, 183, 612, 157, 880, 532, 496, 194, 479, 449, 614, 550, 625, 1006, 2252, 3048, 1925, 256, 320, 936, 9309, 582, 2723, 7045, 153, 427, 32553, 304, 16464, 115, 164, 1695, 195, 386, 175, 1306, 1544, 842, 565, 11019, 3703, 2655, 116, 10015, 2599, 340, 3099, 138, 68, 88, 7208, 807, 87, 204, 25321, 922, 410, 4468, 569, 1288, 3912, 380, 432, 146, 25367, 1664, 618, 5552, 222, 1038, 325, 7315, 10269, 80, 
 suboptimal_solution: 6, 6, 6, 4, 4, 4, 6, 4, 2, 4, 4, 0, 2, 8, 6, 6, 6, 2, 8, 2, 2, 2, 4, 4, 2, 6, 2, 2, 2, 2, 4, 2, 4, 4, 2, 2, 0, 2, 4, 4, 4, 10, 4, 0, 6, 2, 8, 6, 4, 4, 2, 2, 8, 4, 6, 0, 2, 4, 2, 4, 2, 4, 4, 4, 2, 4, 6, 10, 2, 4, 4, 6, 6, 2, 2, 0, 4, 4, 2, 4, 6, 4, 4, 6, 6, 4, 4, 2, 2, 0, 4, 4, 4, 4, 6, 4, 6, 4, 6, 0, 

A* nodes average: 32.67
A* suboptimal average: 0.18
IDA* nodes average: 2718.85
IDA* suboptimal average: 3.84


------middle:------
A*
 explored_nodes: 29, 35, 24, 29, 23, 22, 24, 18, 26, 30, 28, 26, 20, 38, 24, 27, 21, 19, 26, 29, 32, 28, 24, 32, 26, 20, 29, 35, 30, 28, 27, 24, 31, 34, 28, 18, 27, 26, 47, 22, 24, 37, 31, 42, 20, 34, 19, 18, 19, 18, 21, 24, 33, 32, 29, 45, 47, 26, 23, 25, 28, 31, 18, 26, 32, 21, 22, 21, 39, 25, 25, 30, 31, 35, 20, 25, 23, 30, 26, 22, 33, 26, 38, 34, 33, 18, 21, 26, 27, 37, 37, 34, 21, 22, 39, 28, 30, 27, 27, 22, 
 suboptimal_solution: 0, 0, 0, 0, 0, 0, 0, 0, 0, 0, 0, 0, 0, 0, 0, 0, 0, 0, 0, 0, 0, 0, 0, 2, 0, 0, 0, 4, 0, 0, 0, 0, 0, 4, 0, 0, 0, 0, 0, 0, 0, 0, 0, 0, 0, 0, 0, 0, 0, 0, 0, 0, 4, 0, 0, 4, 0, 0, 0, 0, 0, 0, 0, 0, 0, 0, 0, 0, 0, 0, 0, 2, 0, 0, 0, 0, 2, 0, 0, 0, 0, 0, 4, 0, 0, 0, 0, 0, 0, 4, 0, 0, 0, 0, 0, 0, 0, 0, 0, 0, 
IDA*
 explored_nodes: 402, 547, 547, 1678, 69, 381, 102, 64, 13095, 174, 276, 266, 205, 582, 368, 695, 288, 230, 378, 104, 620, 580, 192, 919, 97, 105, 482, 559, 578, 231, 185, 522, 352, 855, 116, 85, 676, 367, 1220, 73, 389, 286, 310, 335, 193, 88, 153, 137, 151, 159, 154, 194, 749, 363, 643, 8073, 1952, 648, 115, 204, 265, 16454, 124, 2704, 711, 77, 132, 690, 165, 3186, 151, 459, 3068, 5108, 49, 425, 250, 8208, 313, 116, 1245, 537, 4664, 878, 425, 140, 365, 108, 167, 495, 619, 858, 62, 120, 8352, 80, 6204, 457, 2859, 199, 
 suboptimal_solution: 4, 10, 4, 6, 2, 4, 2, 0, 4, 2, 4, 2, 0, 4, 4, 2, 0, 0, 4, 4, 4, 2, 2, 2, 2, 2, 2, 8, 4, 2, 2, 2, 4, 6, 0, 0, 2, 2, 8, 0, 2, 2, 4, 2, 6, 2, 2, 4, 0, 2, 0, 2, 6, 2, 6, 6, 6, 2, 2, 2, 2, 4, 2, 4, 2, 0, 0, 6, 4, 4, 2, 2, 6, 6, 2, 4, 2, 10, 2, 2, 4, 4, 8, 2, 2, 2, 4, 0, 2, 4, 4, 8, 0, 0, 6, 0, 4, 2, 6, 2, 

A* nodes average: 27.63
A* suboptimal average: 0.3
IDA* nodes average: 1160.5
IDA* suboptimal average: 3.08


------end:------
A*
 explored_nodes: 23, 21, 23, 19, 25, 30, 22, 35, 22, 24, 36, 45, 44, 26, 26, 27, 24, 26, 22, 25, 23, 29, 35, 19, 28, 20, 25, 23, 54, 42, 23, 27, 62, 21, 27, 21, 17, 27, 47, 38, 26, 32, 24, 45, 41, 28, 21, 20, 34, 31, 27, 32, 23, 25, 19, 23, 27, 26, 18, 22, 34, 26, 22, 42, 28, 22, 23, 22, 32, 30, 22, 29, 25, 39, 19, 22, 22, 58, 29, 56, 28, 29, 32, 21, 40, 27, 29, 23, 29, 37, 34, 22, 21, 22, 54, 34, 24, 23, 36, 16, 
 suboptimal_solution: 0, 0, 0, 0, 0, 0, 0, 2, 0, 0, 2, 2, 0, 0, 0, 0, 0, 0, 0, 0, 0, 0, 0, 0, 0, 0, 0, 0, 0, 0, 0, 0, 4, 0, 0, 0, 0, 0, 0, 0, 0, 0, 0, 0, 0, 0, 0, 0, 0, 0, 0, 0, 0, 0, 0, 0, 0, 0, 0, 0, 0, 0, 0, 0, 0, 0, 0, 0, 2, 0, 0, 0, 0, 0, 0, 0, 0, 0, 0, 0, 0, 0, 0, 0, 2, 0, 0, 0, 0, 0, 0, 0, 0, 0, 0, 2, 0, 0, 0, 0, 
IDA*
 explored_nodes: 47, 110, 163, 101, 109, 552, 83, 669, 127, 140, 342, 1442, 674, 145, 282, 335, 263, 143, 430, 97, 76, 329, 91, 61, 254, 70, 95, 163, 4635, 638, 87, 140, 3018, 72, 197, 66, 98, 216, 349, 1022, 145, 245, 67, 130, 627, 54, 103, 130, 692, 135, 402, 632, 245, 121, 61, 173, 439, 214, 54, 117, 223, 115, 82, 4438, 315, 167, 89, 327, 500, 909, 171, 133, 471, 498, 113, 185, 46, 10099, 403, 9398, 809, 469, 554, 76, 736, 449, 495, 203, 81, 202, 538, 180, 93, 291, 632, 493, 294, 105, 456, 48, 
 suboptimal_solution: 0, 2, 2, 0, 2, 4, 2, 2, 2, 2, 2, 4, 4, 2, 2, 2, 2, 2, 2, 2, 0, 2, 0, 2, 2, 0, 2, 2, 4, 2, 2, 2, 4, 0, 2, 2, 2, 2, 2, 2, 2, 2, 0, 0, 4, 0, 0, 0, 2, 2, 2, 2, 2, 2, 0, 2, 2, 2, 0, 2, 2, 2, 0, 4, 2, 2, 0, 2, 2, 4, 2, 2, 2, 2, 2, 2, 0, 6, 2, 6, 4, 2, 4, 2, 4, 2, 4, 2, 2, 2, 2, 2, 2, 0, 4, 4, 2, 2, 4, 0, 

A* nodes average: 28.8
A* suboptimal average: 0.16
IDA* nodes average: 586.03
IDA* suboptimal average: 2.02

