
------start:------
A*
 explored_nodes: 197, 51, 86, 213, 103, 85, 194, 216, 64, 53, 91, 200, 172, 53, 206, 87, 210, 62, 126, 74, 79, 156, 180, 118, 121, 101, 82, 139, 101, 113, 77, 190, 74, 126, 176, 47, 114, 171, 214, 201, 140, 164, 66, 107, 178, 66, 139, 184, 71, 133, 58, 141, 53, 104, 112, 79, 88, 97, 394, 106, 80, 63, 101, 60, 114, 177, 168, 56, 60, 57, 151, 67, 159, 216, 51, 205, 224, 181, 126, 67, 128, 87, 148, 122, 102, 198, 170, 81, 88, 90, 150, 68, 230, 71, 110, 163, 63, 142, 227, 184, 
 suboptimal_solution: 0, 0, 0, 0, 0, 0, 0, 0, 0, 0, 0, 0, 0, 0, 0, 0, 0, 0, 0, 0, 0, 0, 0, 0, 0, 0, 0, 0, 0, 0, 0, 0, 0, 0, 0, 0, 0, 0, 0, 0, 0, 0, 0, 0, 0, 0, 0, 0, 0, 0, 0, 0, 0, 0, 0, 0, 0, 0, 0, 0, 0, 0, 0, 0, 0, 0, 0, 0, 0, 0, 0, 0, 0, 0, 0, 0, 0, 0, 0, 0, 0, 0, 0, 0, 0, 0, 0, 0, 0, 0, 0, 0, 0, 0, 0, 0, 0, 0, 0, 0, 
IDA*
 explored_nodes: 177, 253, 1149, 144, 500, 454, 167, 577, 473, 301, 649, 784, 530, 469, 392, 233, 212, 193, 211, 1950, 250, 209, 460, 421, 472, 198, 417, 81, 192, 231, 273, 437, 102, 1463, 254, 572, 519, 576, 896, 433, 622, 428, 318, 755, 324, 356, 380, 498, 1608, 145, 164, 157, 184, 948, 774, 401, 885, 223, 465, 286, 1040, 1120, 124, 466, 334, 374, 283, 422, 114, 199, 171, 611, 668, 437, 151, 178, 128, 295, 121, 443, 310, 208, 453, 118, 331, 2116, 287, 308, 214, 430, 112, 284, 295, 780, 1169, 244, 457, 164, 303, 508, 
 suboptimal_solution: 0, 0, 0, 0, 0, 0, 0, 0, 0, 0, 0, 0, 0, 0, 0, 0, 0, 0, 0, 0, 0, 0, 0, 0, 0, 0, 0, 0, 0, 0, 0, 0, 0, 0, 0, 0, 0, 0, 0, 0, 0, 0, 0, 0, 0, 0, 0, 0, 0, 0, 0, 0, 0, 0, 0, 0, 0, 0, 0, 0, 0, 0, 0, 0, 0, 0, 0, 0, 0, 0, 0, 0, 0, 0, 0, 0, 0, 0, 0, 0, 0, 0, 0, 0, 0, 0, 0, 0, 0, 0, 0, 0, 0, 0, 0, 0, 0, 0, 0, 0, 

A* nodes average: 126.08
A* suboptimal average: 0.0
IDA* nodes average: 449.65
IDA* suboptimal average: 0.0


------middle:------
A*
 explored_nodes: 184, 63, 61, 188, 83, 81, 177, 169, 82, 51, 71, 148, 153, 64, 151, 89, 176, 42, 120, 50, 62, 95, 146, 96, 100, 91, 70, 133, 83, 109, 69, 161, 66, 97, 140, 53, 101, 142, 171, 169, 120, 146, 50, 77, 138, 54, 131, 119, 72, 103, 55, 129, 50, 122, 95, 70, 59, 62, 298, 116, 79, 38, 120, 83, 90, 148, 161, 55, 45, 45, 104, 48, 110, 178, 43, 132, 198, 143, 90, 78, 119, 78, 103, 132, 77, 148, 145, 79, 94, 79, 148, 69, 184, 77, 101, 152, 55, 120, 167, 169, 
 suboptimal_solution: 0, 0, 0, 0, 0, 0, 0, 0, 0, 0, 0, 0, 0, 0, 0, 0, 0, 0, 0, 0, 0, 0, 0, 0, 0, 0, 0, 0, 0, 0, 0, 0, 0, 0, 0, 0, 0, 0, 0, 0, 0, 0, 0, 0, 0, 0, 0, 0, 0, 0, 0, 0, 0, 0, 0, 0, 0, 0, 0, 0, 0, 0, 0, 0, 0, 0, 0, 0, 0, 0, 0, 0, 0, 0, 0, 0, 0, 0, 0, 0, 0, 0, 0, 0, 0, 0, 0, 0, 0, 0, 0, 0, 0, 0, 0, 0, 0, 0, 0, 0, 
IDA*
 explored_nodes: 158, 379, 138, 60, 727, 407, 214, 133, 464, 647, 619, 1254, 230, 191, 490, 116, 145, 86, 231, 203, 105, 659, 214, 294, 927, 3795, 70, 391, 262, 113, 88, 84, 395, 171, 349, 259, 179, 121, 235, 777, 356, 844, 185, 233, 202, 135, 170, 342, 1201, 223, 922, 321, 293, 183, 410, 743, 333, 79, 659, 533, 553, 750, 74, 744, 146, 335, 75, 612, 153, 76, 101, 436, 1343, 238, 198, 137, 477, 184, 84, 1266, 402, 76, 516, 674, 236, 249, 473, 282, 94, 288, 236, 326, 155, 442, 214, 118, 347, 355, 323, 675, 
 suboptimal_solution: 0, 0, 0, 0, 0, 0, 0, 0, 0, 0, 0, 0, 0, 0, 0, 0, 0, 0, 0, 0, 0, 0, 0, 0, 0, 0, 0, 0, 0, 0, 0, 0, 0, 0, 0, 0, 0, 0, 0, 0, 0, 0, 0, 0, 0, 0, 0, 0, 0, 0, 0, 0, 0, 0, 0, 0, 0, 0, 0, 0, 0, 0, 0, 0, 0, 0, 0, 0, 0, 0, 0, 0, 0, 0, 0, 0, 0, 0, 0, 0, 0, 0, 0, 0, 0, 0, 0, 0, 0, 0, 0, 0, 0, 0, 0, 0, 0, 0, 0, 0, 

A* nodes average: 107.07
A* suboptimal average: 0.0
IDA* nodes average: 392.1
IDA* suboptimal average: 0.0


------end:------
A*
 explored_nodes: 129, 43, 30, 160, 61, 55, 139, 137, 41, 27, 34, 112, 95, 31, 112, 65, 149, 31, 88, 32, 55, 73, 108, 65, 56, 68, 59, 92, 64, 53, 63, 126, 53, 65, 125, 34, 75, 124, 123, 141, 105, 105, 31, 59, 99, 30, 88, 102, 34, 87, 35, 84, 31, 79, 73, 40, 55, 53, 248, 67, 34, 38, 68, 36, 64, 99, 100, 31, 38, 30, 98, 33, 90, 137, 31, 91, 167, 123, 75, 51, 79, 37, 76, 93, 57, 90, 119, 60, 72, 51, 87, 36, 133, 32, 52, 107, 37, 87, 132, 125, 
 suboptimal_solution: 0, 0, 0, 0, 0, 0, 0, 0, 0, 0, 0, 0, 0, 0, 0, 0, 0, 0, 0, 0, 0, 0, 0, 0, 0, 0, 0, 0, 0, 0, 0, 0, 0, 0, 0, 0, 0, 0, 0, 0, 0, 0, 0, 0, 0, 0, 0, 0, 0, 0, 0, 0, 0, 0, 0, 0, 0, 0, 0, 0, 0, 0, 0, 0, 0, 0, 0, 0, 0, 0, 0, 0, 0, 0, 0, 0, 0, 0, 0, 0, 0, 0, 0, 0, 0, 0, 0, 0, 0, 0, 0, 0, 0, 0, 0, 0, 0, 0, 0, 0, 
IDA*
 explored_nodes: 83, 62, 76, 96, 57, 107, 56, 89, 94, 154, 79, 63, 67, 66, 129, 123, 83, 66, 68, 67, 83, 56, 104, 98, 62, 64, 101, 46, 116, 74, 79, 75, 258, 86, 169, 92, 50, 71, 68, 71, 77, 95, 73, 77, 74, 97, 78, 80, 127, 64, 61, 77, 64, 122, 71, 96, 60, 64, 68, 61, 78, 64, 99, 75, 64, 68, 75, 75, 63, 50, 119, 53, 71, 82, 128, 93, 187, 102, 121, 122, 117, 76, 53, 57, 117, 52, 78, 79, 91, 61, 52, 66, 57, 75, 60, 69, 127, 192, 79, 55, 
 suboptimal_solution: 0, 0, 0, 0, 0, 0, 0, 0, 0, 0, 0, 0, 0, 0, 0, 0, 0, 0, 0, 0, 0, 0, 0, 0, 0, 0, 0, 0, 0, 0, 0, 0, 0, 0, 0, 0, 0, 0, 0, 0, 0, 0, 0, 0, 0, 0, 0, 0, 0, 0, 0, 0, 0, 0, 0, 0, 0, 0, 0, 0, 0, 0, 0, 0, 0, 0, 0, 0, 0, 0, 0, 0, 0, 0, 0, 0, 0, 0, 0, 0, 0, 0, 0, 0, 0, 0, 0, 0, 0, 0, 0, 0, 0, 0, 0, 0, 0, 0, 0, 0, 

A* nodes average: 76.94
A* suboptimal average: 0.0
IDA* nodes average: 84.96
IDA* suboptimal average: 0.0

