
------start:------
A*
 explored_nodes: 56, 65, 32, 34, 46, 30, 32, 38, 106, 32, 40, 45, 36, 40, 60, 53, 46, 41, 34, 33, 63, 36, 39, 52, 69, 78, 35, 77, 37, 39, 31, 33, 54, 49, 33, 54, 42, 91, 70, 57, 49, 37, 37, 37, 33, 37, 62, 37, 67, 55, 58, 38, 45, 30, 54, 55, 84, 63, 62, 65, 38, 50, 61, 58, 94, 33, 34, 65, 59, 32, 32, 54, 39, 67, 39, 34, 32, 69, 54, 37, 31, 58, 41, 48, 44, 64, 58, 41, 34, 47, 65, 37, 77, 28, 37, 58, 49, 95, 40, 50, 
 suboptimal_solution: 0, 0, 0, 0, 0, 0, 0, 0, 0, 0, 0, 0, 0, 0, 0, 0, 0, 0, 0, 0, 0, 0, 0, 0, 0, 0, 0, 0, 0, 0, 0, 0, 0, 0, 0, 0, 0, 0, 0, 0, 0, 0, 0, 0, 0, 0, 0, 0, 0, 0, 0, 0, 0, 0, 0, 0, 0, 0, 0, 0, 0, 0, 0, 0, 0, 0, 0, 0, 0, 0, 0, 0, 0, 0, 0, 0, 0, 0, 0, 0, 0, 0, 0, 0, 0, 0, 0, 0, 0, 0, 0, 0, 0, 0, 0, 0, 0, 0, 0, 0, 
IDA*
 explored_nodes: 110, 196, 85, 126, 109, 85, 170, 106, 129, 230, 113, 182, 57, 119, 125, 102, 88, 183, 89, 96, 122, 310, 189, 70, 132, 185, 110, 118, 177, 115, 116, 217, 147, 62, 104, 139, 116, 87, 90, 97, 164, 112, 80, 102, 151, 231, 317, 147, 123, 200, 74, 142, 201, 115, 79, 101, 140, 77, 263, 594, 69, 93, 85, 299, 71, 143, 153, 223, 277, 111, 133, 105, 131, 71, 220, 348, 112, 222, 153, 230, 92, 142, 245, 125, 134, 126, 63, 305, 110, 196, 264, 110, 156, 68, 174, 94, 114, 103, 188, 130, 
 suboptimal_solution: 0, 0, 0, 0, 0, 0, 0, 0, 0, 0, 0, 0, 0, 0, 0, 0, 0, 0, 0, 0, 0, 0, 0, 0, 0, 0, 0, 0, 0, 0, 0, 0, 0, 0, 0, 0, 0, 0, 0, 0, 0, 0, 0, 0, 0, 0, 0, 0, 0, 0, 0, 0, 0, 0, 0, 0, 0, 0, 0, 0, 0, 0, 0, 0, 0, 0, 0, 0, 0, 0, 0, 0, 0, 0, 0, 0, 0, 0, 0, 0, 0, 0, 0, 0, 0, 0, 0, 0, 0, 0, 0, 0, 0, 0, 0, 0, 0, 0, 0, 0, 

A* nodes average: 49.26
A* suboptimal average: 0.0
IDA* nodes average: 148.04
IDA* suboptimal average: 0.0


------middle:------
A*
 explored_nodes: 63, 66, 28, 35, 39, 35, 33, 32, 92, 27, 27, 55, 30, 30, 51, 58, 35, 46, 32, 33, 54, 36, 28, 40, 57, 54, 45, 60, 37, 42, 32, 27, 47, 45, 42, 55, 42, 93, 55, 52, 46, 26, 47, 34, 45, 30, 60, 39, 61, 50, 54, 35, 44, 28, 39, 51, 66, 74, 55, 59, 36, 47, 50, 54, 83, 38, 26, 59, 52, 26, 34, 53, 34, 63, 33, 31, 32, 59, 55, 30, 34, 44, 31, 46, 31, 60, 59, 34, 30, 35, 58, 29, 62, 30, 31, 54, 35, 76, 34, 59, 
 suboptimal_solution: 0, 0, 0, 0, 0, 0, 0, 0, 0, 0, 0, 0, 0, 0, 0, 0, 0, 0, 0, 0, 0, 0, 0, 0, 0, 0, 0, 0, 0, 0, 0, 0, 0, 0, 0, 0, 0, 0, 0, 0, 0, 0, 0, 0, 0, 0, 0, 0, 0, 0, 0, 0, 0, 0, 0, 0, 0, 0, 0, 0, 0, 0, 0, 0, 0, 0, 0, 0, 0, 0, 0, 0, 0, 0, 0, 0, 0, 0, 0, 0, 0, 0, 0, 0, 0, 0, 0, 0, 0, 0, 0, 0, 0, 0, 0, 0, 0, 0, 0, 0, 
IDA*
 explored_nodes: 466, 121, 87, 200, 83, 102, 72, 269, 58, 125, 62, 515, 92, 224, 339, 77, 1953, 119, 167, 73, 109, 328, 74, 511, 55, 64, 974, 208, 104, 110, 61, 181, 166, 58, 179, 75, 77, 188, 47, 68, 365, 67, 202, 106, 148, 132, 91, 106, 202, 117, 167, 146, 141, 86, 101, 108, 94, 119, 110, 182, 77, 187, 53, 80, 111, 172, 70, 130, 234, 54, 256, 106, 122, 44, 86, 103, 103, 57, 110, 85, 64, 89, 75, 48, 111, 41, 247, 93, 216, 101, 118, 116, 91, 89, 75, 364, 101, 139, 121, 148, 
 suboptimal_solution: 0, 0, 0, 0, 0, 0, 0, 0, 0, 0, 0, 0, 0, 0, 0, 0, 0, 0, 0, 0, 0, 0, 0, 0, 0, 0, 0, 0, 0, 0, 0, 0, 0, 0, 0, 0, 0, 0, 0, 0, 0, 0, 0, 0, 0, 0, 0, 0, 0, 0, 0, 0, 0, 0, 0, 0, 0, 0, 0, 0, 0, 0, 0, 0, 0, 0, 0, 0, 0, 0, 0, 0, 0, 0, 0, 0, 0, 0, 0, 0, 0, 0, 0, 0, 0, 0, 0, 0, 0, 0, 0, 0, 0, 0, 0, 0, 0, 0, 0, 0, 

A* nodes average: 45.0
A* suboptimal average: 0.0
IDA* nodes average: 163.18
IDA* suboptimal average: 0.0


------end:------
A*
 explored_nodes: 42, 47, 21, 28, 33, 26, 25, 22, 77, 22, 27, 24, 25, 22, 40, 49, 24, 25, 22, 25, 43, 24, 24, 41, 41, 44, 25, 51, 22, 25, 24, 22, 30, 41, 28, 48, 30, 75, 37, 40, 37, 28, 22, 24, 24, 22, 45, 25, 45, 42, 45, 26, 31, 28, 41, 48, 60, 43, 44, 43, 24, 48, 44, 32, 73, 25, 23, 47, 42, 24, 22, 43, 21, 55, 24, 21, 25, 50, 48, 24, 25, 28, 23, 39, 22, 45, 46, 25, 23, 22, 45, 24, 44, 26, 23, 45, 23, 67, 30, 44, 
 suboptimal_solution: 0, 0, 0, 0, 0, 0, 0, 0, 0, 0, 0, 0, 0, 0, 0, 0, 0, 0, 0, 0, 0, 0, 0, 0, 0, 0, 0, 0, 0, 0, 0, 0, 0, 0, 0, 0, 0, 0, 0, 0, 0, 0, 0, 0, 0, 0, 0, 0, 0, 0, 0, 0, 0, 0, 0, 0, 0, 0, 0, 0, 0, 0, 0, 0, 0, 0, 0, 0, 0, 0, 0, 0, 0, 0, 0, 0, 0, 0, 0, 0, 0, 0, 0, 0, 0, 0, 0, 0, 0, 0, 0, 0, 0, 0, 0, 0, 0, 0, 0, 0, 
IDA*
 explored_nodes: 65, 72, 45, 44, 50, 62, 42, 40, 58, 42, 72, 59, 39, 44, 40, 78, 55, 58, 45, 54, 38, 53, 45, 55, 66, 59, 43, 58, 44, 46, 50, 43, 43, 77, 55, 68, 47, 55, 38, 43, 50, 65, 46, 53, 70, 46, 71, 61, 66, 62, 54, 58, 57, 58, 54, 58, 40, 45, 47, 53, 41, 53, 50, 53, 46, 52, 47, 40, 52, 53, 48, 46, 52, 58, 43, 46, 51, 88, 58, 84, 47, 56, 50, 76, 47, 52, 53, 63, 57, 43, 60, 52, 101, 93, 48, 48, 108, 82, 42, 75, 
 suboptimal_solution: 0, 0, 0, 0, 0, 0, 0, 0, 0, 0, 0, 0, 0, 0, 0, 0, 0, 0, 0, 0, 0, 0, 0, 0, 0, 0, 0, 0, 0, 0, 0, 0, 0, 0, 0, 0, 0, 0, 0, 0, 0, 0, 0, 0, 0, 0, 0, 0, 0, 0, 0, 0, 0, 0, 0, 0, 0, 0, 0, 0, 0, 0, 0, 0, 0, 0, 0, 0, 0, 0, 0, 0, 0, 0, 0, 0, 0, 0, 0, 0, 0, 0, 0, 0, 0, 0, 0, 0, 0, 0, 0, 0, 0, 0, 0, 0, 0, 0, 0, 0, 

A* nodes average: 34.48
A* suboptimal average: 0.0
IDA* nodes average: 55.18
IDA* suboptimal average: 0.0

