
------start:------
A*
 explored_nodes: 33, 52, 95, 161, 77, 92, 31, 50, 115, 41, 93, 69, 84, 43, 37, 119, 31, 67, 29, 54, 137, 52, 28, 46, 39, 50, 108, 56, 55, 45, 93, 173, 104, 32, 51, 40, 64, 78, 141, 27, 51, 65, 72, 134, 47, 32, 65, 43, 67, 109, 79, 35, 92, 45, 41, 58, 77, 57, 53, 76, 64, 60, 47, 47, 87, 48, 70, 40, 112, 258, 38, 77, 130, 36, 55, 40, 48, 70, 62, 54, 43, 45, 50, 42, 54, 60, 83, 39, 71, 63, 66, 124, 76, 220, 46, 107, 151, 266, 95, 114, 
 suboptimal_solution: 0, 0, 0, 2, 6, 4, 0, 0, 0, 0, 4, 0, 6, 0, 0, 4, 2, 2, 0, 4, 8, 4, 0, 0, 0, 2, 6, 8, 2, 0, 2, 0, 6, 0, 0, 0, 0, 4, 4, 2, 0, 4, 0, 2, 0, 2, 2, 4, 6, 10, 6, 0, 4, 4, 2, 2, 4, 2, 0, 2, 2, 0, 4, 2, 0, 0, 2, 0, 2, 12, 2, 4, 4, 2, 0, 0, 6, 0, 4, 0, 0, 4, 4, 0, 0, 0, 2, 0, 2, 2, 0, 4, 0, 2, 0, 4, 10, 4, 4, 4, 
IDA*
 explored_nodes: 8370, 7311, 294080, 192914, 53311, 52879, 70, 11215, 54049, 10179, 107259, 19255, 39300, 109934, 4991, 148012, 291914, 340373, 495, 180929, 757247, 49888, 16151, 704, 5270, 2364, 149164, 57641, 257827, 1524, 5532, 1395525, 477992, 1094, 9518, 13413, 297880, 121129, 4164425, 477, 2711, 319831, 217944, 3120558, 3137, 2273, 57061, 40845, 138839, 4915217, 13007, 1894, 64956, 3361, 1600, 34285, 220063, 18854, 10116, 12430, 650834, 26115, 52885, 2372, 293721, 13019, 43079, 21410, 28023, 229304, 2491, 12171, 1893113, 2224, 134506, 534, 18341, 128813, 5394, 15149, 506, 224030, 16559, 12219, 13904, 2732, 23802, 4564, 66109, 193173, 2100, 152130, 478625, 2226829, 3799, 33162, 1941454, 86768807, 189177, 159554, 
 suboptimal_solution: 14, 4, 6, 10, 8, 8, 2, 6, 4, 4, 6, 8, 10, 10, 4, 8, 6, 8, 2, 8, 12, 6, 6, 0, 8, 8, 10, 12, 8, 4, 6, 10, 8, 2, 8, 2, 8, 8, 12, 10, 2, 8, 6, 10, 6, 10, 4, 10, 8, 10, 8, 4, 10, 6, 6, 6, 12, 8, 4, 8, 6, 8, 8, 4, 8, 6, 6, 6, 10, 12, 8, 6, 10, 4, 4, 4, 10, 6, 10, 8, 8, 8, 12, 4, 4, 4, 8, 4, 6, 8, 10, 8, 8, 12, 6, 6, 14, 10, 8, 10, 

A* nodes average: 73.48
A* suboptimal average: 2.3
IDA* nodes average: 1149973.2
IDA* suboptimal average: 7.32


------middle:------
A*
 explored_nodes: 37, 38, 23, 50, 29, 41, 35, 57, 26, 26, 37, 53, 68, 40, 42, 43, 110, 55, 29, 94, 36, 141, 46, 55, 74, 26, 37, 26, 36, 29, 39, 29, 36, 37, 28, 36, 41, 28, 64, 84, 64, 29, 36, 25, 47, 96, 61, 29, 26, 67, 46, 32, 59, 89, 95, 78, 22, 35, 43, 103, 83, 39, 67, 36, 53, 50, 38, 32, 42, 74, 31, 27, 41, 38, 30, 44, 42, 40, 43, 72, 53, 35, 64, 37, 108, 59, 98, 39, 47, 48, 50, 48, 57, 56, 59, 45, 44, 30, 36, 67, 
 suboptimal_solution: 2, 6, 0, 0, 0, 4, 0, 0, 2, 0, 0, 4, 0, 0, 2, 4, 2, 4, 2, 4, 0, 2, 2, 2, 0, 0, 0, 0, 0, 0, 0, 0, 0, 4, 0, 0, 0, 0, 0, 6, 0, 0, 0, 0, 0, 0, 0, 0, 0, 4, 0, 2, 0, 2, 0, 2, 0, 0, 2, 2, 0, 0, 6, 0, 2, 0, 0, 2, 0, 6, 2, 0, 4, 0, 0, 0, 4, 0, 0, 0, 0, 2, 2, 0, 6, 2, 2, 0, 0, 0, 2, 2, 4, 6, 0, 2, 2, 0, 2, 4, 
IDA*
 explored_nodes: 8110, 3505, 3181, 29975, 715, 2123, 2253, 99457, 2785, 1463, 2974, 24283, 4270, 4030, 19271, 141839, 51818, 57362, 3031, 8950183, 3552, 147309, 808, 708, 905451, 214, 447, 784, 2753, 5164, 127224, 1382, 8755, 2020, 177, 5567, 103825, 864, 3574, 7671, 10232, 4593, 2306, 770, 4589, 17653068, 3840, 253, 205, 156556, 778, 671, 118837, 4725691, 129569, 90684, 131, 7640, 1361, 1409390, 41012, 1857, 60062, 1742, 10164, 961, 8963, 279, 1539, 130146, 3456, 2843, 7527, 185299, 1216, 23154, 91620, 39394, 3333, 827, 2732, 8825, 5365, 3688824, 1278251, 27594, 148077, 75462, 15782, 9065, 26085, 17722, 9335, 20982, 2252, 2796, 4576, 429, 1744, 987, 
 suboptimal_solution: 6, 8, 2, 6, 8, 4, 4, 6, 6, 4, 2, 8, 8, 8, 4, 6, 10, 8, 4, 10, 4, 12, 4, 2, 8, 2, 2, 2, 4, 2, 4, 4, 6, 6, 6, 2, 4, 2, 6, 6, 4, 4, 4, 6, 6, 8, 6, 4, 2, 8, 4, 6, 4, 10, 4, 6, 2, 2, 2, 10, 8, 0, 6, 6, 8, 2, 4, 4, 6, 6, 2, 8, 6, 8, 2, 2, 6, 6, 4, 10, 4, 4, 4, 10, 10, 6, 6, 4, 6, 2, 4, 6, 8, 8, 6, 8, 0, 6, 6, 6, 

A* nodes average: 49.45
A* suboptimal average: 1.3
IDA* nodes average: 410243.2
IDA* suboptimal average: 5.3


------end:------
A*
 explored_nodes: 42, 42, 34, 51, 95, 63, 38, 50, 41, 92, 48, 70, 42, 108, 72, 33, 202, 59, 53, 76, 108, 145, 30, 120, 73, 57, 63, 166, 56, 54, 34, 36, 33, 153, 99, 162, 67, 37, 121, 104, 67, 135, 74, 39, 71, 49, 73, 61, 26, 87, 42, 24, 27, 105, 45, 179, 105, 59, 98, 65, 60, 53, 150, 77, 65, 70, 30, 56, 60, 52, 51, 29, 62, 28, 189, 58, 132, 55, 64, 88, 90, 40, 63, 57, 30, 39, 25, 57, 63, 64, 42, 37, 36, 46, 63, 43, 133, 51, 76, 72, 
 suboptimal_solution: 0, 0, 0, 0, 2, 0, 0, 0, 0, 4, 2, 0, 0, 0, 0, 0, 4, 0, 0, 2, 0, 4, 0, 0, 2, 0, 2, 4, 2, 2, 0, 0, 0, 2, 2, 2, 0, 0, 4, 0, 0, 0, 2, 0, 2, 0, 0, 0, 0, 4, 0, 0, 0, 4, 0, 2, 0, 0, 0, 2, 2, 0, 2, 2, 2, 0, 0, 0, 2, 0, 0, 0, 0, 0, 4, 0, 4, 0, 0, 4, 2, 0, 0, 0, 0, 0, 0, 2, 4, 0, 0, 0, 0, 2, 0, 0, 4, 2, 0, 0, 
IDA*
 explored_nodes: 680, 1175, 200, 5836, 30909, 5250, 128, 6682, 1455, 30406, 727, 12462, 919, 21793, 3355, 316, 15254, 18037, 631, 6960, 107326, 1795, 286, 5050, 1786, 935, 686, 3984, 1917, 720, 629, 349, 812, 148609, 2734, 9129, 4142, 387, 33725, 3955, 3024, 6659, 2641, 267, 10412, 16399, 3772, 12646, 231, 5332, 1647, 277, 523, 18369, 827, 38748, 31792, 2275, 9590, 16228, 702, 40127, 5936, 3929, 4014, 14264, 308, 5706, 5722, 5647, 4096, 503, 3416, 154, 92868, 2650, 27735, 3126, 8833, 21104, 23774, 1548, 11130, 2508, 449, 1502, 341, 1913, 6863, 2394, 931, 809, 1197, 981, 9095, 1456, 99821, 14777, 2379, 2881, 
 suboptimal_solution: 2, 4, 2, 4, 6, 2, 2, 4, 2, 6, 2, 6, 4, 6, 2, 2, 6, 4, 2, 4, 8, 4, 2, 2, 4, 2, 4, 4, 4, 2, 0, 2, 2, 6, 2, 4, 4, 2, 6, 4, 2, 6, 4, 2, 4, 4, 4, 4, 2, 6, 4, 2, 2, 6, 4, 6, 6, 4, 4, 6, 2, 4, 4, 4, 2, 4, 2, 4, 4, 4, 4, 2, 2, 2, 6, 2, 6, 4, 6, 6, 6, 4, 2, 4, 2, 2, 2, 4, 4, 4, 2, 2, 2, 4, 4, 2, 6, 4, 4, 4, 

A* nodes average: 70.16
A* suboptimal average: 0.94
IDA* nodes average: 11113.79
IDA* suboptimal average: 3.64

