
------start:------
A*
 explored_nodes: 46, 36, 53, 58, 37, 54, 53, 39, 69, 46, 68, 40, 55, 50, 52, 50, 53, 33, 63, 54, 56, 43, 59, 55, 46, 61, 52, 50, 57, 67, 48, 47, 33, 64, 59, 41, 51, 49, 60, 46, 51, 50, 48, 72, 56, 34, 40, 57, 67, 58, 31, 36, 47, 35, 53, 49, 40, 34, 41, 57, 47, 47, 70, 59, 46, 60, 65, 36, 50, 30, 37, 35, 56, 58, 36, 43, 45, 57, 43, 74, 53, 35, 47, 45, 38, 40, 42, 46, 45, 55, 51, 60, 84, 38, 37, 61, 37, 45, 51, 43, 
 suboptimal_solution: 0, 0, 0, 0, 0, 0, 0, 0, 0, 0, 2, 0, 0, 0, 0, 2, 0, 0, 0, 0, 0, 0, 0, 0, 0, 0, 0, 0, 0, 0, 0, 0, 0, 2, 0, 0, 0, 0, 0, 0, 2, 0, 0, 0, 0, 0, 0, 2, 0, 0, 0, 0, 0, 0, 0, 0, 0, 0, 0, 0, 0, 0, 2, 0, 0, 0, 0, 0, 0, 0, 0, 0, 0, 0, 0, 0, 0, 0, 0, 0, 0, 0, 0, 0, 0, 0, 0, 0, 0, 2, 0, 0, 0, 0, 0, 0, 0, 0, 0, 0, 
IDA*
 explored_nodes: 313, 138, 535, 343, 545, 2551, 1049, 262, 1338, 170, 705, 66, 198, 638, 338, 529, 162, 151, 1166, 917, 884, 248, 768, 1191, 276, 1074, 415, 234, 475, 614, 296, 258, 98, 822, 177, 418, 149, 245, 2267, 328, 565, 190, 368, 1307, 278, 96, 292, 212, 652, 202, 90, 354, 760, 186, 510, 379, 449, 296, 106, 1060, 174, 511, 665, 239, 105, 387, 225, 223, 455, 191, 440, 157, 667, 439, 242, 337, 234, 531, 202, 1572, 262, 122, 299, 711, 330, 327, 141, 135, 293, 419, 283, 330, 724, 391, 168, 226, 362, 211, 648, 534, 
 suboptimal_solution: 0, 2, 4, 2, 4, 4, 2, 2, 4, 2, 2, 0, 2, 2, 2, 4, 0, 2, 2, 4, 4, 2, 2, 2, 2, 2, 4, 2, 2, 2, 2, 2, 0, 2, 2, 2, 2, 2, 2, 2, 4, 0, 4, 4, 2, 0, 2, 2, 4, 2, 0, 2, 4, 0, 2, 2, 2, 2, 0, 4, 2, 2, 2, 4, 0, 2, 0, 2, 2, 2, 2, 2, 2, 2, 2, 2, 2, 2, 2, 2, 0, 2, 2, 2, 2, 2, 0, 2, 4, 4, 2, 2, 2, 2, 0, 2, 2, 2, 2, 2, 

A* nodes average: 49.56
A* suboptimal average: 0.14
IDA* nodes average: 466.15
IDA* suboptimal average: 2.06


------middle:------
A*
 explored_nodes: 30, 32, 32, 46, 32, 37, 52, 37, 33, 72, 61, 32, 38, 38, 36, 33, 49, 53, 44, 29, 62, 44, 36, 36, 47, 42, 29, 34, 32, 34, 38, 42, 42, 28, 30, 38, 46, 65, 38, 38, 37, 54, 44, 37, 47, 38, 32, 31, 69, 29, 34, 51, 40, 57, 31, 48, 33, 40, 53, 66, 40, 31, 35, 67, 31, 38, 42, 33, 54, 54, 43, 34, 30, 46, 29, 37, 35, 47, 40, 46, 33, 36, 38, 57, 36, 44, 57, 30, 39, 48, 39, 36, 54, 49, 34, 40, 29, 53, 36, 48, 
 suboptimal_solution: 0, 0, 0, 0, 0, 0, 0, 0, 0, 0, 0, 0, 0, 0, 0, 0, 0, 2, 0, 0, 0, 0, 0, 0, 0, 0, 0, 0, 0, 0, 0, 0, 0, 0, 0, 2, 0, 0, 0, 0, 0, 0, 0, 0, 0, 0, 0, 0, 0, 0, 0, 0, 0, 0, 0, 2, 0, 0, 0, 0, 0, 0, 0, 2, 0, 0, 0, 0, 2, 0, 0, 0, 0, 0, 0, 0, 0, 0, 0, 0, 0, 0, 0, 0, 0, 0, 0, 0, 0, 2, 0, 0, 0, 0, 0, 0, 0, 0, 0, 0, 
IDA*
 explored_nodes: 210, 204, 151, 490, 224, 343, 121, 167, 355, 451, 234, 134, 472, 158, 159, 147, 823, 863, 451, 188, 185, 183, 106, 159, 87, 186, 104, 194, 168, 376, 138, 429, 127, 70, 88, 181, 290, 188, 102, 131, 434, 705, 513, 231, 428, 174, 219, 78, 2770, 108, 462, 290, 2120, 236, 129, 451, 472, 146, 389, 363, 144, 258, 134, 448, 78, 437, 263, 162, 342, 1752, 410, 117, 71, 172, 126, 530, 74, 318, 264, 333, 144, 476, 605, 548, 250, 647, 341, 360, 66, 827, 268, 145, 849, 318, 373, 476, 732, 325, 226, 393, 
 suboptimal_solution: 2, 2, 2, 2, 2, 2, 2, 0, 2, 2, 2, 0, 2, 2, 2, 2, 2, 4, 2, 2, 2, 2, 0, 2, 0, 0, 0, 2, 0, 2, 0, 2, 2, 2, 2, 2, 2, 0, 0, 0, 2, 2, 2, 2, 2, 4, 2, 0, 4, 2, 2, 2, 4, 2, 4, 2, 2, 4, 2, 4, 2, 0, 2, 2, 0, 2, 2, 0, 2, 4, 2, 2, 0, 0, 2, 2, 0, 2, 2, 2, 2, 2, 2, 2, 2, 2, 0, 2, 4, 4, 2, 0, 2, 2, 2, 2, 2, 2, 2, 2, 

A* nodes average: 41.36
A* suboptimal average: 0.12
IDA* nodes average: 353.57
IDA* suboptimal average: 1.8


------end:------
A*
 explored_nodes: 68, 29, 42, 86, 42, 39, 79, 64, 33, 28, 28, 72, 76, 28, 77, 42, 74, 42, 57, 36, 38, 66, 82, 46, 40, 45, 37, 60, 57, 40, 36, 75, 36, 54, 75, 43, 47, 47, 80, 77, 69, 70, 27, 43, 60, 119, 53, 60, 30, 52, 29, 58, 44, 42, 43, 67, 61, 52, 129, 53, 40, 28, 50, 29, 45, 90, 107, 27, 28, 43, 53, 28, 65, 76, 28, 71, 98, 103, 48, 62, 63, 42, 58, 57, 56, 60, 62, 81, 59, 36, 50, 44, 91, 30, 40, 58, 29, 56, 77, 84, 
 suboptimal_solution: 0, 0, 0, 0, 0, 0, 0, 0, 0, 0, 0, 0, 0, 0, 0, 0, 0, 0, 0, 0, 0, 0, 0, 0, 0, 0, 0, 0, 0, 0, 0, 0, 0, 0, 0, 0, 0, 0, 0, 0, 0, 0, 0, 0, 0, 0, 0, 0, 0, 0, 0, 0, 0, 0, 0, 0, 0, 0, 0, 0, 0, 0, 0, 0, 0, 0, 0, 0, 0, 0, 0, 0, 0, 0, 0, 0, 0, 0, 0, 0, 0, 0, 0, 0, 0, 0, 0, 0, 0, 0, 0, 0, 0, 0, 0, 0, 0, 0, 0, 0, 
IDA*
 explored_nodes: 222, 91, 595, 234, 111, 140, 259, 207, 96, 95, 84, 229, 272, 92, 213, 117, 308, 244, 167, 642, 151, 206, 275, 213, 181, 135, 155, 205, 390, 117, 147, 261, 94, 356, 148, 595, 176, 59, 247, 262, 243, 252, 89, 129, 213, 1013, 185, 247, 93, 123, 86, 139, 397, 153, 198, 539, 481, 328, 430, 109, 361, 120, 175, 111, 127, 1752, 760, 88, 95, 227, 142, 105, 160, 211, 134, 269, 294, 1708, 198, 630, 613, 330, 164, 170, 674, 300, 108, 1851, 475, 81, 167, 674, 246, 104, 125, 163, 106, 259, 218, 314, 
 suboptimal_solution: 0, 0, 2, 0, 0, 0, 0, 0, 0, 0, 0, 0, 0, 0, 0, 0, 0, 2, 0, 2, 0, 0, 0, 0, 0, 0, 0, 0, 2, 0, 0, 0, 0, 2, 0, 2, 0, 0, 0, 0, 0, 0, 0, 0, 0, 2, 0, 0, 0, 0, 0, 0, 2, 0, 0, 2, 2, 2, 0, 0, 2, 0, 0, 0, 0, 2, 2, 0, 0, 2, 0, 0, 0, 0, 0, 0, 0, 2, 0, 2, 2, 2, 0, 0, 2, 0, 0, 2, 2, 0, 0, 2, 0, 0, 0, 0, 0, 0, 0, 0, 

A* nodes average: 55.36
A* suboptimal average: 0.0
IDA* nodes average: 290.47
IDA* suboptimal average: 0.46

