
------start:------
A*
 explored_nodes: 17, 18, 16, 16, 16, 17, 16, 16, 16, 16, 16, 16, 16, 18, 16, 17, 16, 19, 19, 16, 16, 16, 16, 16, 16, 16, 16, 16, 17, 18, 16, 16, 16, 17, 16, 16, 16, 16, 16, 16, 16, 26, 16, 16, 19, 16, 16, 16, 16, 18, 16, 16, 16, 17, 16, 17, 16, 16, 16, 21, 18, 16, 20, 16, 16, 16, 16, 16, 16, 16, 16, 18, 16, 17, 16, 16, 16, 16, 18, 16, 16, 16, 16, 16, 16, 16, 17, 17, 17, 16, 16, 17, 17, 16, 16, 16, 16, 16, 17, 16, 
 suboptimal_solution: 0, 2, 0, 0, 0, 0, 0, 0, 0, 0, 0, 0, 0, 0, 0, 0, 0, 0, 0, 0, 0, 0, 0, 0, 0, 0, 0, 0, 0, 2, 0, 0, 0, 0, 0, 0, 0, 0, 0, 0, 0, 0, 0, 0, 0, 0, 0, 0, 0, 0, 0, 0, 0, 0, 0, 0, 0, 0, 0, 2, 0, 0, 0, 0, 0, 0, 0, 0, 0, 0, 0, 0, 0, 0, 0, 0, 0, 0, 0, 0, 0, 0, 0, 0, 0, 0, 0, 0, 0, 0, 0, 0, 0, 0, 0, 0, 0, 0, 0, 0, 
IDA*
 explored_nodes: 59, 88, 37, 54, 58, 53, 73, 45, 35, 46, 47, 51, 48, 57, 38, 73, 57, 67, 71, 71, 84, 78, 64, 37, 53, 48, 39, 45, 51, 48, 46, 41, 38, 62, 34, 36, 43, 54, 40, 40, 45, 106, 39, 52, 62, 59, 34, 36, 31, 76, 52, 47, 42, 60, 32, 66, 39, 41, 71, 91, 57, 72, 68, 71, 37, 63, 36, 50, 41, 41, 36, 52, 44, 63, 41, 38, 61, 101, 61, 83, 36, 62, 37, 58, 62, 68, 65, 44, 42, 40, 49, 68, 65, 32, 66, 46, 42, 44, 70, 37, 
 suboptimal_solution: 2, 2, 0, 2, 2, 2, 2, 2, 0, 2, 0, 2, 0, 2, 2, 2, 2, 2, 2, 2, 2, 2, 2, 0, 2, 2, 0, 0, 2, 2, 0, 2, 0, 2, 0, 0, 0, 2, 2, 0, 2, 2, 0, 2, 2, 2, 2, 0, 0, 4, 2, 2, 0, 2, 0, 2, 2, 0, 2, 2, 2, 2, 2, 2, 0, 2, 0, 2, 2, 2, 0, 2, 2, 2, 2, 0, 2, 2, 2, 2, 0, 2, 0, 2, 2, 2, 2, 0, 0, 0, 2, 2, 2, 0, 2, 2, 2, 0, 2, 0, 

A* nodes average: 16.56
A* suboptimal average: 0.06
IDA* nodes average: 53.39
IDA* suboptimal average: 1.4


------middle:------
A*
 explored_nodes: 20, 16, 16, 16, 16, 16, 16, 17, 16, 16, 17, 16, 16, 16, 16, 16, 18, 22, 16, 16, 16, 16, 16, 16, 17, 16, 16, 16, 16, 16, 19, 16, 16, 16, 16, 16, 16, 16, 16, 16, 16, 16, 16, 16, 16, 16, 18, 16, 19, 16, 16, 16, 16, 16, 16, 16, 16, 16, 16, 18, 16, 16, 16, 16, 16, 16, 16, 16, 16, 16, 16, 17, 16, 16, 16, 16, 16, 17, 16, 16, 16, 16, 18, 16, 16, 16, 16, 17, 16, 16, 17, 18, 16, 16, 16, 17, 16, 17, 16, 16, 
 suboptimal_solution: 0, 0, 0, 0, 0, 0, 0, 0, 0, 0, 0, 0, 0, 0, 0, 0, 0, 2, 0, 0, 0, 0, 0, 0, 0, 0, 0, 0, 0, 0, 0, 0, 0, 0, 0, 0, 0, 0, 0, 0, 0, 0, 0, 0, 0, 0, 0, 0, 0, 0, 0, 0, 0, 0, 0, 0, 0, 0, 0, 0, 0, 0, 0, 0, 0, 0, 0, 0, 0, 0, 0, 0, 0, 0, 0, 0, 0, 0, 0, 0, 0, 0, 0, 0, 0, 0, 0, 0, 0, 0, 0, 0, 0, 0, 0, 0, 0, 0, 0, 0, 
IDA*
 explored_nodes: 117, 58, 37, 45, 48, 119, 95, 115, 35, 88, 120, 40, 46, 37, 33, 45, 61, 101, 39, 109, 41, 37, 45, 40, 37, 35, 53, 36, 38, 35, 49, 29, 34, 46, 106, 42, 41, 41, 35, 40, 87, 38, 39, 96, 35, 37, 35, 170, 59, 43, 42, 50, 33, 35, 32, 43, 48, 62, 36, 61, 40, 39, 56, 122, 126, 37, 48, 48, 42, 67, 36, 45, 34, 47, 39, 40, 35, 44, 38, 142, 36, 41, 50, 62, 111, 44, 36, 55, 61, 36, 60, 62, 66, 62, 122, 53, 128, 59, 44, 37, 
 suboptimal_solution: 2, 2, 0, 2, 2, 2, 2, 2, 0, 2, 2, 0, 2, 0, 0, 0, 2, 2, 2, 2, 2, 0, 2, 2, 0, 0, 2, 0, 0, 0, 0, 0, 0, 2, 2, 2, 0, 2, 0, 0, 2, 0, 0, 2, 0, 2, 0, 2, 2, 0, 2, 2, 0, 0, 0, 0, 2, 2, 0, 2, 0, 0, 2, 2, 2, 0, 2, 2, 2, 2, 0, 2, 0, 0, 0, 2, 0, 2, 0, 2, 0, 2, 2, 2, 2, 2, 0, 2, 2, 0, 2, 2, 2, 2, 2, 2, 2, 2, 2, 0, 

A* nodes average: 16.35
A* suboptimal average: 0.02
IDA* nodes average: 56.79
IDA* suboptimal average: 1.18


------end:------
A*
 explored_nodes: 16, 16, 17, 16, 16, 16, 16, 16, 22, 16, 19, 16, 16, 17, 16, 21, 17, 16, 21, 16, 16, 16, 16, 16, 21, 20, 17, 16, 17, 16, 21, 16, 16, 16, 16, 19, 22, 16, 16, 16, 16, 25, 16, 16, 18, 16, 21, 16, 16, 16, 16, 16, 31, 24, 22, 21, 16, 16, 16, 16, 21, 16, 21, 16, 17, 16, 16, 16, 16, 16, 16, 16, 16, 18, 16, 16, 16, 16, 16, 17, 16, 16, 16, 18, 16, 16, 16, 18, 17, 16, 16, 17, 21, 16, 16, 17, 21, 23, 16, 16, 
 suboptimal_solution: 0, 0, 0, 0, 0, 0, 0, 0, 0, 0, 0, 0, 0, 0, 0, 0, 0, 0, 0, 0, 0, 0, 0, 0, 0, 0, 0, 0, 0, 0, 0, 0, 0, 0, 0, 0, 0, 0, 0, 0, 0, 0, 0, 0, 0, 0, 0, 0, 0, 0, 0, 0, 2, 0, 0, 0, 0, 0, 0, 0, 0, 0, 0, 0, 0, 0, 0, 0, 0, 0, 0, 0, 0, 0, 0, 0, 0, 0, 0, 0, 0, 0, 0, 0, 0, 0, 0, 0, 0, 0, 0, 0, 0, 0, 0, 0, 0, 0, 0, 0, 
IDA*
 explored_nodes: 57, 55, 119, 51, 50, 52, 55, 57, 288, 143, 60, 45, 57, 52, 130, 226, 53, 56, 63, 47, 56, 53, 50, 51, 64, 188, 203, 50, 216, 57, 63, 45, 52, 31, 48, 63, 321, 48, 31, 55, 47, 84, 51, 52, 63, 58, 68, 50, 45, 55, 149, 55, 320, 79, 68, 81, 48, 65, 46, 59, 73, 56, 67, 50, 176, 49, 50, 54, 27, 118, 133, 49, 131, 197, 48, 62, 53, 51, 54, 126, 62, 52, 61, 230, 49, 53, 50, 56, 53, 52, 55, 182, 69, 162, 53, 38, 73, 186, 55, 56, 
 suboptimal_solution: 0, 0, 2, 0, 0, 0, 0, 0, 2, 2, 0, 0, 0, 0, 2, 2, 0, 0, 0, 0, 0, 0, 0, 0, 0, 2, 2, 0, 2, 0, 0, 0, 0, 0, 0, 0, 2, 0, 0, 0, 0, 0, 0, 0, 0, 0, 0, 0, 0, 0, 2, 0, 2, 0, 0, 0, 0, 0, 0, 0, 0, 0, 0, 0, 2, 0, 0, 0, 0, 2, 2, 0, 2, 2, 0, 0, 0, 0, 0, 2, 0, 0, 0, 2, 0, 0, 0, 0, 0, 0, 0, 2, 0, 2, 0, 0, 0, 2, 0, 0, 

A* nodes average: 17.35
A* suboptimal average: 0.02
IDA* nodes average: 82.75
IDA* suboptimal average: 0.42

