
------start:------
A*
 explored_nodes: 25, 24, 43, 23, 29, 39, 28, 21, 34, 22, 28, 23, 31, 29, 26, 25, 28, 21, 23, 29, 22, 23, 24, 25, 31, 25, 26, 21, 42, 22, 23, 22, 28, 25, 44, 28, 25, 24, 26, 26, 33, 26, 22, 25, 22, 26, 23, 30, 31, 26, 25, 26, 25, 23, 23, 22, 26, 33, 27, 35, 24, 45, 31, 30, 23, 36, 24, 26, 30, 24, 28, 29, 31, 25, 37, 36, 22, 23, 23, 25, 23, 31, 28, 26, 22, 23, 23, 24, 27, 23, 23, 27, 28, 23, 23, 32, 25, 22, 22, 24, 
 suboptimal_solution: 0, 0, 0, 0, 0, 0, 0, 0, 0, 0, 0, 0, 0, 0, 0, 0, 0, 0, 0, 0, 0, 0, 0, 0, 0, 0, 0, 0, 0, 0, 0, 0, 0, 0, 0, 0, 0, 0, 0, 0, 0, 0, 0, 0, 0, 0, 0, 0, 0, 0, 0, 0, 0, 0, 0, 0, 0, 0, 0, 2, 0, 2, 0, 2, 0, 2, 0, 2, 0, 0, 0, 0, 2, 0, 2, 0, 0, 0, 0, 0, 0, 0, 0, 0, 0, 0, 0, 0, 0, 0, 0, 0, 0, 0, 0, 2, 0, 0, 0, 0, 
IDA*
 explored_nodes: 325, 115, 783, 182, 192, 939, 140, 72, 152, 468, 174, 76, 242, 157, 161, 88, 98, 81, 245, 126, 51, 169, 171, 141, 263, 70, 135, 99, 670, 92, 132, 127, 191, 122, 112, 206, 117, 112, 124, 128, 293, 130, 102, 75, 63, 141, 82, 360, 134, 126, 65, 232, 108, 92, 80, 119, 170, 249, 163, 121, 39, 339, 248, 186, 91, 221, 64, 457, 66, 586, 92, 80, 440, 197, 90, 513, 95, 256, 146, 89, 82, 118, 78, 151, 66, 112, 75, 78, 326, 187, 151, 165, 205, 65, 102, 192, 194, 87, 75, 98, 
 suboptimal_solution: 2, 0, 2, 2, 2, 2, 2, 2, 2, 2, 0, 0, 2, 2, 2, 2, 2, 0, 2, 2, 0, 2, 2, 0, 4, 0, 0, 2, 4, 0, 2, 2, 2, 2, 2, 0, 0, 2, 2, 2, 2, 2, 2, 0, 0, 4, 2, 2, 2, 2, 2, 2, 0, 0, 2, 2, 2, 2, 2, 2, 0, 4, 2, 2, 0, 2, 0, 2, 2, 4, 2, 2, 4, 2, 2, 2, 2, 2, 2, 2, 0, 2, 2, 2, 0, 0, 2, 0, 2, 2, 2, 2, 2, 0, 2, 2, 2, 2, 0, 0, 

A* nodes average: 26.83
A* suboptimal average: 0.16
IDA* nodes average: 178.55
IDA* suboptimal average: 1.62


------middle:------
A*
 explored_nodes: 22, 29, 27, 27, 25, 25, 23, 27, 23, 27, 35, 22, 24, 25, 31, 30, 25, 24, 21, 37, 23, 22, 25, 22, 25, 27, 24, 33, 26, 25, 24, 23, 28, 24, 22, 21, 29, 31, 21, 23, 24, 25, 22, 30, 23, 21, 28, 32, 23, 25, 25, 32, 23, 32, 21, 34, 26, 22, 26, 23, 27, 23, 23, 27, 24, 24, 22, 29, 39, 24, 23, 25, 25, 23, 25, 23, 21, 34, 25, 27, 27, 26, 24, 31, 26, 22, 40, 22, 31, 24, 24, 30, 23, 23, 24, 22, 30, 26, 29, 23, 
 suboptimal_solution: 0, 0, 0, 0, 0, 0, 0, 0, 0, 0, 2, 0, 0, 0, 0, 0, 0, 2, 0, 2, 0, 0, 0, 0, 2, 2, 0, 0, 0, 0, 0, 0, 0, 0, 0, 0, 0, 0, 0, 0, 0, 0, 0, 0, 0, 0, 0, 0, 0, 0, 0, 2, 0, 0, 0, 0, 2, 0, 0, 0, 0, 0, 0, 0, 0, 0, 0, 4, 2, 0, 0, 0, 0, 0, 2, 0, 0, 0, 0, 0, 2, 0, 0, 0, 0, 0, 2, 0, 0, 0, 0, 0, 0, 0, 0, 0, 0, 0, 0, 0, 
IDA*
 explored_nodes: 130, 200, 54, 213, 143, 98, 83, 238, 51, 690, 262, 61, 62, 89, 156, 392, 137, 176, 56, 579, 85, 57, 78, 65, 155, 158, 76, 423, 88, 76, 76, 97, 343, 93, 53, 56, 389, 133, 59, 101, 61, 95, 55, 314, 69, 44, 239, 291, 77, 195, 48, 1157, 75, 218, 88, 93, 178, 60, 228, 56, 294, 100, 56, 101, 76, 225, 80, 99, 129, 99, 288, 173, 180, 67, 62, 69, 49, 247, 105, 52, 178, 111, 64, 152, 52, 70, 168, 64, 103, 152, 61, 100, 61, 128, 115, 107, 329, 322, 123, 50, 
 suboptimal_solution: 0, 2, 0, 2, 0, 2, 2, 4, 2, 4, 2, 2, 2, 0, 0, 2, 4, 2, 0, 2, 0, 0, 2, 0, 2, 2, 0, 4, 2, 0, 2, 2, 2, 2, 0, 0, 2, 4, 2, 2, 0, 2, 0, 4, 0, 0, 0, 2, 2, 4, 2, 4, 2, 2, 0, 2, 4, 0, 2, 0, 2, 0, 0, 2, 0, 2, 2, 4, 4, 2, 2, 2, 0, 0, 2, 0, 0, 2, 2, 0, 2, 0, 0, 2, 2, 0, 4, 0, 2, 2, 0, 2, 2, 2, 2, 2, 2, 4, 2, 0, 

A* nodes average: 25.84
A* suboptimal average: 0.26
IDA* nodes average: 152.33
IDA* suboptimal average: 1.56


------end:------
A*
 explored_nodes: 31, 21, 40, 21, 27, 31, 22, 22, 27, 35, 32, 21, 21, 21, 43, 21, 25, 41, 21, 25, 22, 21, 23, 31, 21, 28, 27, 22, 21, 28, 21, 21, 21, 21, 31, 48, 21, 28, 22, 21, 31, 37, 27, 22, 21, 34, 28, 29, 21, 22, 21, 21, 34, 23, 23, 29, 21, 22, 21, 21, 28, 24, 30, 22, 31, 25, 23, 23, 25, 22, 25, 24, 21, 21, 21, 28, 21, 25, 21, 22, 25, 25, 28, 21, 21, 22, 21, 23, 21, 22, 21, 24, 21, 21, 22, 22, 21, 21, 22, 21, 
 suboptimal_solution: 0, 0, 0, 0, 0, 2, 0, 0, 0, 0, 0, 0, 0, 0, 0, 0, 0, 2, 0, 0, 0, 0, 0, 0, 0, 0, 0, 0, 0, 0, 0, 0, 0, 0, 0, 0, 0, 0, 0, 0, 0, 2, 0, 0, 0, 2, 0, 0, 0, 0, 0, 0, 0, 0, 0, 0, 0, 0, 0, 0, 0, 0, 0, 0, 0, 0, 0, 0, 0, 0, 0, 0, 0, 0, 0, 0, 0, 0, 0, 0, 0, 0, 0, 0, 0, 0, 0, 0, 0, 0, 0, 0, 0, 0, 0, 0, 0, 0, 0, 0, 
IDA*
 explored_nodes: 113, 67, 187, 78, 485, 457, 75, 65, 86, 575, 127, 289, 40, 84, 131, 64, 134, 457, 213, 315, 101, 72, 315, 97, 292, 106, 104, 37, 82, 111, 82, 76, 42, 80, 120, 176, 41, 93, 260, 75, 116, 494, 161, 79, 71, 162, 108, 74, 43, 263, 90, 73, 118, 403, 97, 98, 70, 77, 340, 234, 107, 99, 39, 99, 119, 95, 300, 76, 132, 83, 331, 82, 78, 71, 70, 73, 50, 134, 79, 171, 105, 47, 113, 286, 67, 439, 81, 131, 250, 76, 55, 289, 79, 68, 82, 254, 76, 73, 69, 67, 
 suboptimal_solution: 0, 0, 0, 0, 2, 2, 0, 0, 0, 2, 0, 2, 0, 0, 0, 0, 2, 2, 2, 2, 0, 0, 2, 0, 2, 0, 0, 0, 0, 0, 0, 0, 0, 0, 0, 0, 0, 0, 2, 0, 0, 2, 0, 0, 0, 2, 0, 0, 0, 2, 0, 0, 0, 2, 0, 0, 0, 0, 2, 2, 0, 0, 0, 0, 0, 0, 2, 0, 0, 0, 2, 0, 0, 0, 0, 0, 0, 0, 0, 2, 0, 0, 0, 2, 0, 2, 0, 0, 2, 0, 0, 2, 0, 0, 0, 2, 0, 0, 0, 0, 

A* nodes average: 24.82
A* suboptimal average: 0.08
IDA* nodes average: 145.7
IDA* suboptimal average: 0.5

