
------start:------
A*
 explored_nodes: 46, 78, 54, 59, 38, 100, 83, 65, 54, 99, 53, 108, 65, 61, 47, 110, 65, 43, 47, 77, 48, 45, 36, 94, 41, 56, 77, 155, 51, 76, 48, 45, 48, 51, 54, 48, 62, 42, 38, 50, 55, 65, 105, 61, 74, 72, 54, 66, 106, 95, 66, 116, 92, 42, 78, 47, 49, 45, 77, 47, 127, 71, 45, 61, 86, 102, 58, 96, 47, 49, 62, 42, 150, 49, 124, 50, 54, 57, 37, 106, 48, 49, 47, 59, 46, 48, 39, 58, 68, 53, 53, 60, 82, 54, 64, 77, 63, 72, 51, 43, 
 suboptimal_solution: 0, 2, 2, 2, 0, 2, 2, 2, 2, 2, 0, 0, 0, 2, 0, 2, 2, 0, 0, 0, 0, 0, 0, 0, 0, 0, 2, 0, 0, 2, 2, 0, 0, 2, 0, 2, 2, 2, 0, 4, 0, 2, 2, 0, 0, 2, 0, 0, 4, 6, 0, 2, 2, 0, 0, 0, 2, 0, 0, 2, 2, 2, 0, 2, 2, 2, 0, 2, 0, 0, 2, 0, 4, 0, 2, 2, 0, 0, 0, 2, 0, 0, 0, 0, 0, 0, 0, 0, 0, 2, 0, 0, 4, 4, 2, 4, 2, 0, 0, 2, 
IDA*
 explored_nodes: 2072, 3683, 29586, 3778, 1278, 49438, 11403, 26476, 1063, 8598, 5737, 7562, 2738, 930, 4711, 30885, 1051, 8861, 1482, 1607, 2108, 1427, 2327, 4070, 2596, 1087, 22425, 4411, 6409, 7178, 912, 379, 5222, 583, 399, 1451, 13670, 1803, 545, 1604, 35140, 526, 9476, 1604, 3903, 333, 1497, 2090, 18363, 8307, 2944, 12972, 6725, 351, 5236, 28424, 224, 560, 720, 1200, 2970, 623, 1952, 1211, 4615, 5037, 2766, 661, 4028, 9635, 7023, 1216, 7801, 2401, 88585, 1696, 615, 46352, 131, 93368, 1386, 1675, 3625, 26799, 1116, 1251, 417, 2358, 2872, 7718, 1916, 6231, 6646, 12550, 475, 24779, 18532, 5027, 686, 1712, 
 suboptimal_solution: 2, 4, 4, 2, 2, 6, 4, 6, 4, 6, 4, 4, 2, 6, 4, 4, 4, 6, 4, 2, 2, 2, 2, 4, 4, 4, 6, 4, 4, 4, 4, 2, 6, 4, 2, 2, 4, 4, 2, 4, 4, 4, 4, 2, 2, 2, 4, 4, 6, 8, 4, 4, 4, 4, 6, 4, 4, 4, 4, 2, 6, 4, 2, 4, 6, 4, 4, 4, 6, 4, 6, 0, 6, 4, 6, 6, 4, 6, 6, 6, 4, 6, 2, 4, 4, 4, 4, 4, 2, 6, 2, 4, 4, 6, 2, 6, 4, 4, 4, 2, 

A* nodes average: 65.36
A* suboptimal average: 1.08
IDA* nodes average: 8345.97
IDA* suboptimal average: 4.02


------middle:------
A*
 explored_nodes: 50, 60, 85, 49, 40, 76, 52, 42, 80, 125, 85, 104, 55, 35, 52, 48, 45, 44, 36, 36, 55, 45, 41, 41, 43, 41, 50, 29, 60, 70, 77, 62, 56, 54, 31, 34, 52, 51, 48, 46, 34, 53, 31, 50, 57, 56, 36, 61, 55, 53, 63, 54, 73, 41, 60, 58, 33, 71, 32, 39, 79, 47, 56, 50, 43, 47, 41, 49, 58, 46, 81, 32, 55, 43, 40, 107, 63, 60, 59, 74, 39, 37, 41, 55, 55, 53, 68, 54, 52, 45, 38, 50, 59, 58, 122, 44, 35, 55, 43, 48, 
 suboptimal_solution: 0, 0, 4, 0, 0, 0, 0, 0, 2, 4, 6, 2, 2, 0, 2, 0, 0, 2, 0, 0, 0, 0, 4, 0, 0, 0, 0, 0, 0, 4, 0, 2, 0, 0, 0, 0, 0, 2, 2, 0, 0, 0, 0, 0, 0, 2, 0, 4, 0, 0, 2, 0, 0, 2, 0, 0, 0, 0, 0, 4, 6, 2, 0, 2, 0, 0, 2, 2, 0, 0, 2, 0, 2, 2, 0, 4, 2, 0, 2, 4, 0, 0, 2, 0, 0, 2, 2, 4, 0, 0, 0, 0, 0, 4, 2, 0, 0, 4, 2, 4, 
IDA*
 explored_nodes: 1797, 370, 13318, 6467, 468, 2438, 8972, 1911, 572, 8643, 3900, 95355, 6886, 260, 3162, 1677, 2298, 4634, 334, 302, 6352, 1298, 5874, 425, 780, 1680, 198, 212, 1006, 4540, 1963, 2355, 1068, 3783, 1097, 838, 1782, 655, 2259, 776, 514, 368, 257, 1459, 8332, 3577, 260, 645, 10083, 2047, 3726, 235, 1364, 1845, 3372, 4039, 1099, 1794, 248, 961, 26210, 337, 385, 2718, 1487, 6978, 736, 8009, 1279, 5692, 2598, 1015, 5865, 3388, 391, 10979, 2424, 4506, 7134, 6296, 298, 613, 2597, 4027, 8269, 2558, 9042, 3903, 878, 831, 268, 7040, 1499, 7866, 283, 1163, 189, 2197, 4934, 18157, 
 suboptimal_solution: 2, 4, 6, 2, 2, 4, 4, 2, 4, 6, 6, 6, 2, 0, 4, 4, 4, 2, 0, 4, 4, 2, 6, 2, 2, 2, 2, 2, 2, 6, 4, 4, 4, 4, 0, 2, 4, 4, 6, 4, 2, 2, 2, 2, 6, 4, 0, 6, 4, 2, 4, 2, 2, 4, 2, 4, 2, 4, 2, 6, 8, 4, 2, 4, 2, 4, 4, 4, 2, 4, 4, 2, 4, 4, 2, 6, 4, 4, 4, 6, 0, 2, 2, 4, 4, 4, 4, 4, 2, 4, 2, 2, 2, 4, 2, 2, 2, 6, 4, 6, 

A* nodes average: 53.76
A* suboptimal average: 1.1
IDA* nodes average: 4239.69
IDA* suboptimal average: 3.36


------end:------
A*
 explored_nodes: 83, 38, 49, 77, 46, 35, 53, 49, 93, 88, 57, 92, 106, 64, 63, 180, 53, 72, 38, 73, 38, 61, 41, 45, 50, 58, 33, 43, 115, 35, 38, 71, 70, 66, 47, 48, 70, 79, 83, 63, 32, 83, 75, 49, 46, 131, 48, 40, 71, 36, 78, 103, 55, 33, 72, 63, 77, 109, 48, 84, 38, 48, 88, 97, 49, 65, 91, 39, 40, 50, 69, 40, 51, 66, 70, 54, 41, 83, 31, 67, 65, 37, 41, 41, 40, 60, 87, 27, 57, 66, 64, 44, 70, 69, 88, 76, 58, 118, 39, 72, 
 suboptimal_solution: 2, 2, 2, 0, 2, 0, 0, 0, 0, 0, 2, 2, 0, 0, 4, 4, 0, 2, 0, 2, 0, 0, 0, 0, 0, 0, 0, 0, 0, 0, 0, 0, 2, 2, 0, 0, 0, 0, 0, 0, 0, 0, 2, 0, 0, 0, 0, 0, 0, 0, 0, 2, 0, 0, 0, 2, 2, 0, 0, 0, 0, 0, 0, 0, 0, 0, 0, 0, 0, 0, 0, 0, 0, 0, 0, 0, 0, 0, 0, 2, 0, 0, 0, 0, 0, 0, 2, 0, 0, 0, 0, 0, 0, 0, 0, 0, 0, 0, 0, 0, 
IDA*
 explored_nodes: 2467, 417, 353, 542, 1262, 200, 2557, 661, 2971, 1334, 938, 4169, 2911, 596, 1607, 29375, 551, 263, 569, 1124, 197, 1674, 496, 379, 1256, 659, 167, 586, 2986, 161, 473, 410, 1058, 1021, 423, 502, 1074, 997, 19554, 553, 425, 2733, 1262, 297, 601, 4379, 2770, 316, 352, 149, 725, 1974, 530, 469, 1797, 1454, 1413, 16309, 460, 2009, 300, 273, 2443, 4732, 1341, 1958, 8064, 663, 1031, 676, 1999, 754, 1039, 2518, 1405, 1450, 1466, 582, 290, 9883, 830, 264, 803, 202, 271, 1683, 4730, 234, 785, 1528, 1098, 268, 495, 2603, 893, 1611, 1043, 972, 256, 1081, 
 suboptimal_solution: 2, 4, 2, 2, 4, 2, 2, 4, 2, 4, 2, 4, 2, 2, 4, 4, 2, 2, 2, 2, 2, 2, 4, 2, 4, 2, 2, 2, 4, 2, 2, 2, 4, 4, 2, 2, 4, 4, 2, 4, 2, 4, 4, 2, 2, 4, 2, 2, 2, 2, 2, 4, 2, 2, 4, 4, 4, 4, 2, 4, 2, 2, 2, 4, 2, 4, 4, 2, 2, 2, 4, 2, 2, 4, 2, 4, 2, 4, 2, 4, 2, 2, 2, 0, 2, 4, 4, 0, 2, 4, 2, 2, 2, 2, 2, 2, 2, 2, 2, 2, 

A* nodes average: 62.92
A* suboptimal average: 0.4
IDA* nodes average: 1944.34
IDA* suboptimal average: 2.66

