
------start:------
A*
 explored_nodes: 30, 16, 27, 24, 18, 23, 21, 24, 21, 20, 25, 22, 23, 21, 20, 19, 17, 22, 25, 23, 25, 25, 23, 22, 23, 19, 22, 21, 22, 22, 17, 17, 22, 20, 19, 25, 21, 22, 54, 26, 20, 20, 20, 25, 22, 27, 25, 19, 16, 23, 30, 26, 20, 21, 23, 19, 33, 23, 23, 27, 21, 25, 23, 17, 17, 19, 27, 26, 39, 25, 19, 28, 22, 22, 19, 26, 36, 25, 29, 25, 19, 22, 28, 23, 26, 21, 21, 21, 18, 23, 20, 17, 17, 22, 26, 24, 18, 23, 19, 28, 
 suboptimal_solution: 0, 0, 0, 0, 0, 0, 0, 0, 0, 0, 0, 0, 0, 0, 0, 0, 0, 0, 0, 0, 0, 0, 0, 0, 0, 0, 0, 0, 0, 0, 0, 0, 0, 0, 0, 0, 0, 0, 4, 0, 0, 2, 0, 0, 0, 0, 2, 0, 0, 0, 0, 0, 0, 0, 0, 0, 0, 0, 0, 0, 0, 0, 0, 0, 0, 0, 0, 0, 4, 0, 0, 0, 0, 0, 0, 0, 0, 0, 0, 0, 0, 4, 0, 0, 0, 0, 0, 0, 0, 0, 0, 0, 0, 0, 0, 0, 0, 0, 0, 0, 
IDA*
 explored_nodes: 666, 88, 171, 370, 211, 99, 218, 238, 51, 78, 2248, 388, 200, 245, 80, 75, 74, 89, 979, 67, 115, 223, 77, 119, 133, 396, 82, 233, 196, 62, 78, 46, 53, 60, 269, 287, 117, 234, 708, 370, 72, 140, 277, 197, 119, 1076, 115, 113, 71, 122, 169, 1103, 132, 543, 203, 174, 2097, 303, 172, 2374, 394, 106, 253, 116, 208, 409, 344, 310, 406, 215, 50, 1981, 120, 120, 116, 164, 727, 161, 884, 194, 73, 178, 279, 110, 2785, 200, 86, 81, 330, 344, 214, 101, 64, 194, 436, 505, 136, 201, 68, 202, 
 suboptimal_solution: 4, 2, 2, 2, 2, 2, 2, 4, 0, 2, 2, 2, 4, 2, 2, 2, 0, 2, 6, 2, 2, 2, 2, 0, 2, 2, 2, 0, 2, 2, 2, 0, 2, 2, 2, 2, 2, 2, 4, 4, 2, 4, 0, 2, 2, 6, 4, 2, 2, 2, 2, 2, 2, 2, 2, 2, 4, 4, 4, 6, 2, 2, 0, 0, 2, 2, 4, 4, 4, 2, 0, 4, 4, 2, 0, 4, 4, 2, 2, 2, 2, 6, 2, 4, 6, 2, 2, 2, 2, 2, 2, 2, 0, 2, 4, 2, 0, 2, 2, 2, 

A* nodes average: 22.96
A* suboptimal average: 0.16
IDA* nodes average: 339.3
IDA* suboptimal average: 2.34


------middle:------
A*
 explored_nodes: 18, 23, 30, 27, 18, 19, 16, 22, 18, 19, 17, 29, 19, 24, 21, 17, 18, 16, 17, 22, 25, 25, 23, 20, 25, 16, 21, 31, 26, 35, 19, 17, 27, 19, 17, 24, 20, 16, 18, 20, 23, 17, 20, 20, 19, 16, 24, 18, 19, 30, 21, 18, 23, 22, 22, 21, 26, 17, 19, 23, 18, 28, 18, 17, 29, 21, 17, 18, 17, 21, 17, 18, 19, 20, 18, 19, 19, 16, 16, 19, 20, 23, 21, 16, 30, 27, 22, 17, 20, 18, 26, 20, 19, 21, 20, 23, 19, 17, 18, 21, 
 suboptimal_solution: 0, 0, 0, 0, 0, 0, 0, 0, 0, 0, 0, 4, 0, 0, 0, 0, 0, 0, 0, 0, 0, 0, 0, 0, 0, 0, 0, 0, 0, 0, 0, 0, 0, 0, 0, 0, 0, 0, 0, 0, 0, 0, 0, 0, 0, 0, 0, 0, 0, 0, 2, 0, 0, 2, 0, 0, 0, 0, 0, 0, 0, 2, 0, 0, 0, 0, 0, 0, 0, 0, 0, 0, 0, 0, 0, 0, 0, 0, 0, 0, 0, 0, 0, 0, 0, 0, 0, 0, 0, 0, 0, 0, 0, 0, 0, 0, 0, 0, 0, 2, 
IDA*
 explored_nodes: 100, 130, 296, 2388, 56, 49, 53, 630, 72, 95, 131, 398, 85, 344, 132, 144, 91, 44, 47, 96, 42, 261, 147, 34, 185, 48, 58, 294, 95, 787, 56, 51, 2993, 196, 57, 438, 403, 44, 44, 96, 1649, 55, 65, 140, 45, 43, 288, 39, 76, 1616, 128, 81, 144, 113, 229, 242, 113, 64, 63, 229, 80, 283, 44, 44, 1706, 184, 69, 154, 53, 111, 39, 196, 228, 50, 65, 38, 86, 100, 78, 73, 77, 86, 337, 61, 459, 366, 193, 44, 159, 36, 908, 81, 548, 142, 620, 110, 103, 101, 129, 74, 
 suboptimal_solution: 2, 2, 4, 4, 0, 0, 0, 4, 2, 0, 2, 4, 0, 4, 0, 2, 0, 0, 0, 2, 2, 2, 2, 2, 2, 0, 2, 4, 4, 6, 0, 0, 6, 2, 2, 4, 2, 0, 2, 2, 4, 2, 4, 2, 0, 0, 2, 0, 2, 4, 2, 0, 2, 2, 2, 2, 2, 2, 2, 6, 0, 2, 0, 0, 4, 2, 0, 2, 2, 2, 0, 2, 2, 2, 0, 0, 2, 2, 2, 2, 2, 2, 2, 0, 4, 4, 2, 0, 4, 0, 4, 2, 4, 2, 2, 2, 2, 0, 2, 2, 

A* nodes average: 20.75
A* suboptimal average: 0.12
IDA* nodes average: 254.47
IDA* suboptimal average: 1.9


------end:------
A*
 explored_nodes: 16, 18, 16, 16, 16, 17, 23, 17, 19, 17, 32, 16, 17, 23, 29, 23, 16, 17, 17, 16, 16, 16, 18, 32, 20, 22, 17, 17, 17, 16, 20, 17, 17, 17, 17, 16, 18, 17, 16, 16, 17, 17, 17, 34, 16, 17, 18, 18, 17, 16, 20, 19, 27, 16, 22, 28, 39, 17, 17, 18, 16, 34, 20, 17, 18, 17, 17, 23, 25, 25, 28, 17, 16, 32, 20, 16, 20, 31, 16, 18, 30, 16, 17, 17, 18, 24, 17, 16, 16, 21, 17, 16, 17, 17, 16, 17, 18, 16, 28, 27, 
 suboptimal_solution: 0, 0, 0, 0, 0, 0, 0, 0, 0, 0, 0, 0, 0, 0, 0, 0, 0, 0, 0, 0, 0, 0, 0, 0, 0, 0, 0, 0, 0, 0, 0, 0, 0, 0, 0, 0, 0, 0, 0, 0, 0, 0, 0, 0, 0, 0, 0, 0, 0, 0, 0, 0, 0, 0, 0, 2, 0, 0, 0, 0, 0, 2, 0, 0, 0, 0, 0, 0, 0, 2, 0, 0, 0, 0, 0, 0, 0, 0, 0, 0, 0, 0, 0, 0, 0, 0, 0, 0, 0, 2, 0, 0, 0, 0, 0, 0, 0, 0, 0, 0, 
IDA*
 explored_nodes: 67, 157, 72, 79, 55, 51, 70, 76, 185, 192, 403, 89, 67, 307, 121, 653, 53, 177, 73, 53, 68, 32, 147, 429, 105, 104, 63, 68, 81, 55, 92, 73, 184, 393, 54, 171, 188, 235, 79, 155, 75, 61, 74, 372, 72, 154, 78, 87, 63, 76, 259, 90, 141, 61, 392, 244, 1027, 53, 57, 54, 63, 336, 77, 142, 162, 214, 72, 369, 789, 263, 1315, 53, 76, 241, 312, 225, 95, 376, 86, 57, 563, 33, 96, 187, 191, 368, 76, 57, 34, 212, 67, 71, 62, 29, 64, 166, 77, 54, 1131, 105, 
 suboptimal_solution: 0, 2, 0, 0, 0, 0, 0, 0, 2, 2, 2, 0, 0, 2, 0, 2, 0, 2, 0, 0, 0, 0, 2, 2, 0, 0, 0, 0, 2, 0, 0, 0, 2, 0, 0, 2, 2, 2, 0, 2, 0, 0, 0, 2, 0, 2, 0, 2, 0, 0, 2, 0, 0, 0, 2, 2, 4, 0, 0, 0, 0, 2, 0, 2, 2, 2, 0, 2, 2, 2, 4, 0, 0, 2, 2, 2, 0, 2, 2, 0, 2, 0, 0, 2, 2, 2, 0, 0, 0, 2, 0, 0, 0, 0, 0, 2, 0, 0, 4, 0, 

A* nodes average: 19.6
A* suboptimal average: 0.08
IDA* nodes average: 182.32
IDA* suboptimal average: 0.9

