
------start:------
A*
 explored_nodes: 90, 65, 54, 63, 76, 75, 62, 58, 121, 66, 54, 74, 102, 55, 46, 45, 98, 92, 50, 42, 75, 36, 132, 87, 154, 76, 33, 30, 43, 100, 75, 63, 54, 70, 56, 82, 117, 63, 117, 62, 71, 126, 50, 69, 112, 61, 27, 45, 79, 64, 44, 43, 55, 37, 43, 91, 78, 64, 63, 70, 102, 85, 37, 48, 70, 44, 115, 67, 48, 48, 80, 46, 53, 74, 44, 40, 123, 45, 121, 75, 67, 51, 54, 37, 109, 46, 127, 48, 52, 86, 30, 46, 104, 67, 63, 38, 53, 50, 58, 94, 
 suboptimal_solution: 2, 0, 2, 0, 0, 4, 0, 2, 4, 2, 0, 0, 0, 2, 0, 0, 6, 2, 0, 0, 2, 0, 6, 0, 0, 2, 0, 0, 0, 8, 2, 0, 0, 0, 0, 2, 0, 2, 0, 0, 2, 4, 0, 0, 4, 2, 0, 0, 0, 4, 0, 0, 0, 2, 2, 2, 0, 0, 0, 4, 6, 0, 0, 0, 2, 0, 6, 2, 0, 2, 2, 0, 2, 2, 0, 2, 2, 2, 4, 2, 0, 2, 2, 0, 0, 0, 0, 0, 0, 4, 0, 0, 0, 2, 0, 0, 0, 2, 4, 4, 
IDA*
 explored_nodes: 14942, 1500, 5355, 3947, 1551, 14473, 2750, 1371, 17932, 3299, 2894, 1450, 8736, 4460, 4215, 2585, 17647, 2857, 790, 189, 2498, 169, 38196, 3788, 9015, 6035, 1110, 3986, 3334, 107809, 27522, 1725, 12687, 5587, 4132, 19327, 11573, 2447, 4412, 20390, 13590, 11083, 2268, 10818, 60705, 7572, 860, 1209, 3137, 1306, 332, 1869, 293, 478, 2793, 59069, 4194, 1182, 904, 13105, 17131, 9611, 288, 826, 512, 804, 10234, 1536, 2853, 1945, 6481, 1159, 16908, 11493, 4035, 1219, 61222, 1286, 11090, 1404, 6686, 778, 6273, 385, 44257, 389, 31217, 2190, 1371, 7236, 451, 4609, 4387, 10759, 2490, 226, 1336, 782, 2684, 25275, 
 suboptimal_solution: 4, 4, 4, 2, 6, 8, 2, 4, 4, 6, 4, 4, 4, 6, 4, 2, 6, 4, 2, 2, 2, 2, 6, 2, 6, 6, 0, 4, 4, 8, 6, 4, 4, 6, 4, 4, 6, 4, 4, 6, 4, 6, 4, 4, 6, 6, 2, 4, 4, 8, 0, 4, 4, 4, 4, 4, 4, 2, 4, 6, 8, 6, 2, 2, 4, 4, 8, 4, 2, 4, 6, 6, 6, 6, 2, 4, 6, 4, 4, 6, 4, 6, 4, 0, 6, 4, 6, 2, 4, 4, 4, 2, 4, 4, 4, 0, 2, 4, 6, 6, 

A* nodes average: 68.5
A* suboptimal average: 1.32
IDA* nodes average: 9112.7
IDA* suboptimal average: 4.24


------middle:------
A*
 explored_nodes: 53, 43, 39, 51, 61, 57, 63, 80, 73, 30, 39, 33, 34, 41, 53, 60, 62, 54, 44, 35, 39, 33, 66, 49, 37, 48, 33, 39, 51, 46, 70, 50, 41, 83, 42, 63, 98, 78, 46, 31, 71, 43, 30, 53, 35, 52, 74, 41, 38, 34, 42, 68, 42, 86, 48, 44, 52, 38, 70, 79, 62, 42, 34, 47, 42, 42, 41, 53, 33, 38, 51, 96, 47, 38, 47, 57, 34, 33, 63, 41, 39, 57, 56, 52, 73, 48, 75, 35, 56, 36, 38, 45, 38, 31, 34, 44, 33, 46, 31, 33, 
 suboptimal_solution: 0, 0, 2, 0, 4, 0, 2, 0, 0, 2, 2, 0, 2, 0, 2, 4, 4, 2, 0, 0, 0, 0, 0, 0, 0, 0, 0, 0, 2, 2, 2, 0, 4, 2, 4, 2, 0, 2, 2, 0, 0, 0, 0, 0, 0, 2, 0, 0, 0, 0, 2, 4, 2, 2, 0, 2, 0, 4, 4, 2, 2, 0, 2, 0, 0, 4, 0, 2, 0, 0, 0, 4, 2, 0, 2, 0, 0, 0, 2, 2, 0, 2, 2, 2, 6, 2, 0, 2, 2, 0, 0, 0, 0, 0, 0, 2, 2, 0, 2, 0, 
IDA*
 explored_nodes: 2629, 6919, 1351, 1480, 8556, 683, 4512, 370, 13815, 169, 1416, 115, 356, 852, 148, 4179, 15147, 1392, 997, 539, 1011, 363, 9613, 1228, 507, 974, 678, 1128, 758, 1703, 824, 1728, 1542, 1929, 2841, 5270, 4659, 7405, 2890, 238, 2027, 830, 425, 1755, 1468, 3488, 8621, 321, 5655, 232, 2028, 25483, 792, 4887, 5594, 12850, 3302, 2292, 5908, 2594, 463, 241, 204, 546, 750, 2284, 4515, 5975, 414, 446, 384, 9646, 10401, 1067, 1116, 807, 683, 1362, 1652, 1666, 1256, 417, 678, 1711, 13885, 750, 3794, 2066, 365, 3665, 1088, 1368, 984, 442, 271, 1303, 156, 3543, 209, 1148, 
 suboptimal_solution: 2, 2, 4, 2, 4, 4, 4, 4, 4, 4, 4, 2, 2, 2, 6, 4, 4, 4, 2, 8, 4, 0, 4, 2, 2, 4, 2, 2, 2, 4, 4, 4, 6, 4, 4, 6, 4, 4, 4, 2, 4, 2, 2, 2, 2, 4, 4, 2, 4, 4, 2, 6, 2, 4, 4, 4, 4, 4, 6, 4, 4, 2, 2, 2, 2, 4, 4, 4, 4, 4, 2, 6, 2, 6, 4, 2, 2, 2, 6, 4, 0, 4, 2, 6, 8, 4, 4, 4, 4, 4, 0, 2, 2, 2, 0, 4, 2, 4, 2, 2, 

A* nodes average: 49.29
A* suboptimal average: 1.18
IDA* nodes average: 2871.87
IDA* suboptimal average: 3.38


------end:------
A*
 explored_nodes: 134, 41, 136, 231, 104, 40, 116, 110, 50, 101, 54, 134, 106, 69, 113, 43, 55, 61, 84, 53, 89, 71, 68, 74, 45, 113, 54, 66, 163, 79, 89, 107, 32, 33, 55, 122, 111, 140, 65, 70, 49, 39, 156, 184, 113, 50, 66, 41, 58, 41, 152, 147, 73, 103, 72, 27, 79, 52, 59, 63, 28, 142, 81, 117, 91, 140, 86, 28, 61, 57, 30, 105, 149, 93, 161, 80, 84, 55, 240, 37, 46, 164, 173, 54, 74, 150, 54, 36, 90, 126, 67, 106, 206, 56, 136, 94, 130, 134, 89, 44, 
 suboptimal_solution: 2, 0, 0, 0, 2, 0, 0, 2, 0, 0, 0, 0, 0, 0, 2, 0, 0, 0, 0, 0, 0, 0, 2, 0, 0, 0, 0, 0, 0, 0, 0, 2, 0, 0, 0, 0, 0, 0, 0, 0, 0, 0, 0, 0, 0, 0, 0, 0, 0, 0, 2, 0, 0, 2, 2, 0, 2, 0, 0, 2, 0, 0, 0, 0, 2, 0, 2, 0, 0, 0, 0, 2, 2, 2, 0, 0, 2, 0, 4, 0, 0, 0, 0, 0, 2, 2, 0, 0, 0, 2, 0, 2, 2, 0, 2, 0, 0, 2, 2, 0, 
IDA*
 explored_nodes: 2488, 583, 1059, 5431, 1240, 432, 1856, 6156, 281, 1477, 1381, 2463, 472, 3556, 2302, 990, 1791, 666, 9079, 196, 666, 655, 1755, 290, 1203, 1658, 1482, 2040, 2993, 1795, 2635, 1204, 410, 180, 472, 2196, 4589, 1583, 1444, 1917, 345, 1026, 3049, 3824, 2637, 568, 2362, 681, 279, 822, 5012, 4027, 1674, 3860, 1334, 832, 846, 1660, 203, 5102, 696, 1397, 338, 2181, 2394, 2418, 1120, 125, 290, 1078, 480, 3617, 2190, 1689, 2274, 1009, 776, 930, 15680, 1252, 463, 1583, 2115, 262, 2108, 9566, 212, 637, 412, 2066, 2735, 3493, 2339, 231, 4079, 2076, 3024, 3476, 2834, 1656, 
 suboptimal_solution: 2, 2, 2, 2, 2, 2, 2, 4, 0, 2, 2, 2, 0, 2, 2, 2, 2, 0, 4, 0, 0, 0, 4, 0, 2, 2, 2, 2, 2, 2, 2, 2, 2, 0, 0, 2, 4, 2, 2, 2, 0, 2, 2, 2, 2, 0, 2, 2, 0, 2, 4, 2, 2, 4, 2, 2, 2, 2, 0, 4, 2, 2, 0, 2, 4, 2, 2, 0, 0, 2, 2, 2, 2, 2, 2, 2, 2, 2, 4, 2, 2, 2, 2, 0, 2, 4, 0, 2, 0, 2, 2, 2, 2, 0, 2, 2, 2, 2, 4, 2, 

A* nodes average: 89.99
A* suboptimal average: 0.54
IDA* nodes average: 2025.1
IDA* suboptimal average: 1.82

