
------start:------
A*
 explored_nodes: 27, 21, 17, 23, 35, 19, 38, 46, 22, 24, 44, 25, 23, 35, 30, 22, 31, 42, 29, 20, 40, 29, 19, 37, 23, 32, 27, 65, 31, 23, 27, 24, 32, 35, 25, 44, 55, 19, 39, 29, 22, 24, 20, 27, 27, 31, 24, 28, 23, 32, 50, 20, 35, 24, 43, 33, 36, 21, 17, 25, 23, 19, 38, 19, 27, 37, 23, 33, 30, 27, 22, 34, 20, 47, 36, 20, 39, 29, 19, 41, 31, 23, 24, 86, 28, 33, 30, 20, 20, 39, 32, 32, 61, 25, 25, 33, 21, 47, 33, 30, 
 suboptimal_solution: 0, 0, 0, 0, 0, 0, 0, 0, 0, 0, 2, 0, 0, 2, 0, 0, 0, 0, 0, 0, 0, 0, 2, 0, 0, 0, 0, 4, 0, 0, 0, 0, 0, 0, 0, 0, 4, 0, 2, 0, 0, 0, 0, 2, 0, 0, 0, 0, 0, 0, 0, 0, 0, 0, 0, 0, 0, 0, 0, 0, 0, 0, 0, 0, 0, 0, 0, 0, 0, 0, 0, 0, 0, 0, 0, 0, 0, 0, 0, 0, 0, 0, 0, 0, 0, 0, 0, 0, 0, 2, 0, 0, 6, 2, 0, 2, 0, 6, 0, 0, 
IDA*
 explored_nodes: 2039, 406, 190, 402, 601, 64, 995, 7372, 202, 331, 1356, 147, 238, 371, 570, 1246, 1419, 629, 733, 202, 1046, 2494, 119, 658, 166, 866, 2141, 5737, 264, 1788, 348, 744, 2283, 187606, 1203, 771, 6245, 118, 3474, 875, 454, 2322, 319, 155, 314, 418, 359, 591, 151, 6347, 2070, 171, 591, 1969, 10908, 375, 1100, 101, 152, 259, 315, 80, 972, 86, 1324, 142, 79, 3472, 1076, 689, 54, 3623, 118, 864, 3270, 236, 810, 310, 314, 6151, 198, 116, 226, 50435, 11486, 1076, 2844, 73, 1114, 1385, 2589, 186, 29348, 2234, 169, 14625, 715, 48809, 652, 2527, 
 suboptimal_solution: 2, 4, 4, 2, 4, 2, 6, 8, 2, 2, 6, 6, 2, 2, 4, 4, 4, 6, 4, 2, 6, 4, 2, 4, 2, 6, 4, 6, 6, 4, 4, 4, 6, 8, 4, 6, 6, 2, 4, 2, 2, 6, 2, 6, 4, 2, 2, 4, 2, 4, 6, 2, 4, 2, 6, 4, 4, 0, 0, 4, 2, 0, 4, 4, 4, 4, 2, 6, 8, 4, 0, 4, 2, 2, 4, 2, 8, 4, 8, 8, 4, 2, 4, 8, 6, 8, 4, 0, 2, 6, 4, 2, 8, 4, 2, 6, 0, 8, 2, 6, 

A* nodes average: 30.46
A* suboptimal average: 0.36
IDA* nodes average: 4623.77
IDA* suboptimal average: 3.98


------middle:------
A*
 explored_nodes: 22, 24, 21, 26, 21, 20, 22, 27, 37, 30, 19, 20, 41, 31, 30, 24, 29, 21, 21, 39, 17, 24, 27, 22, 17, 47, 56, 23, 19, 23, 33, 18, 37, 24, 24, 20, 52, 25, 24, 25, 43, 20, 19, 23, 23, 42, 28, 40, 20, 22, 26, 17, 19, 21, 18, 16, 20, 24, 49, 20, 20, 18, 17, 32, 27, 39, 19, 18, 20, 31, 29, 31, 26, 19, 23, 17, 27, 27, 19, 31, 20, 18, 27, 19, 23, 20, 24, 20, 21, 54, 22, 49, 21, 17, 32, 29, 20, 17, 24, 27, 
 suboptimal_solution: 0, 0, 0, 4, 0, 0, 0, 0, 4, 4, 0, 0, 2, 0, 0, 0, 0, 0, 0, 4, 0, 0, 0, 0, 0, 0, 6, 0, 0, 0, 0, 0, 0, 0, 0, 0, 6, 0, 0, 0, 2, 0, 0, 0, 0, 6, 0, 0, 0, 0, 0, 0, 0, 0, 0, 0, 0, 0, 0, 0, 0, 0, 0, 0, 0, 4, 0, 0, 0, 0, 0, 4, 0, 0, 0, 0, 4, 2, 0, 0, 0, 0, 0, 0, 0, 0, 0, 0, 0, 0, 0, 0, 0, 0, 0, 4, 0, 0, 0, 0, 
IDA*
 explored_nodes: 635, 609, 130, 781, 88, 279, 89, 105, 2437, 7722, 172, 250, 3347, 6966, 215, 318, 256, 161, 134, 371, 96, 346, 91, 161, 61, 4213, 74327, 1105, 98, 205, 369, 172, 7790, 225, 12618, 156, 1741, 328, 1088, 226, 2715, 149, 277, 351, 139, 609, 2118, 47041, 329, 73, 213, 55, 158, 111, 136, 135, 1240, 305, 56744, 263, 243, 66, 266, 1776, 1169, 1963, 134, 96, 242, 2467, 507, 859, 891, 40, 627, 41, 1011, 1408, 184, 712, 67, 61, 6761, 72, 220, 443, 4914, 79, 147, 10800, 109, 2609, 258, 200, 4087, 140, 342, 256, 2597, 1190, 
 suboptimal_solution: 2, 2, 0, 4, 4, 4, 0, 4, 6, 6, 2, 4, 6, 6, 0, 2, 4, 2, 4, 4, 4, 2, 2, 2, 0, 6, 8, 4, 2, 2, 2, 0, 6, 2, 4, 2, 8, 2, 6, 2, 6, 0, 4, 2, 6, 8, 4, 8, 2, 0, 2, 0, 0, 2, 0, 2, 6, 2, 6, 4, 2, 2, 2, 2, 4, 6, 2, 0, 2, 6, 4, 6, 4, 0, 4, 2, 6, 4, 2, 2, 4, 2, 6, 2, 2, 2, 4, 0, 2, 10, 2, 6, 2, 2, 2, 4, 2, 4, 8, 4, 

A* nodes average: 25.86
A* suboptimal average: 0.56
IDA* nodes average: 2936.96
IDA* suboptimal average: 3.28


------end:------
A*
 explored_nodes: 30, 28, 22, 18, 39, 17, 23, 50, 24, 29, 18, 16, 21, 35, 39, 17, 17, 36, 29, 18, 19, 30, 23, 34, 23, 18, 52, 16, 17, 18, 31, 19, 41, 27, 27, 61, 18, 17, 17, 16, 23, 17, 19, 17, 58, 27, 18, 17, 18, 34, 16, 30, 27, 20, 17, 27, 17, 19, 26, 26, 19, 16, 19, 19, 16, 17, 16, 20, 25, 23, 33, 17, 18, 52, 24, 16, 31, 18, 17, 28, 18, 16, 16, 23, 24, 16, 18, 30, 18, 17, 25, 27, 19, 31, 24, 36, 27, 17, 16, 28, 
 suboptimal_solution: 0, 0, 0, 0, 0, 0, 0, 2, 0, 0, 0, 0, 0, 2, 0, 0, 0, 2, 2, 0, 0, 0, 0, 0, 0, 0, 0, 0, 0, 0, 0, 2, 0, 0, 0, 2, 0, 0, 0, 0, 2, 0, 0, 0, 4, 2, 0, 0, 0, 2, 0, 0, 0, 0, 0, 2, 0, 0, 0, 0, 0, 0, 0, 0, 0, 0, 0, 0, 0, 2, 0, 0, 0, 0, 0, 0, 0, 0, 0, 0, 0, 0, 0, 0, 2, 0, 0, 0, 0, 0, 0, 0, 0, 2, 0, 2, 0, 0, 0, 0, 
IDA*
 explored_nodes: 1612, 655, 263, 194, 1761, 76, 386, 3374, 294, 1103, 169, 131, 185, 1047, 897, 169, 66, 364, 1230, 58, 449, 363, 317, 1262, 236, 56, 19025, 266, 266, 63, 517, 196, 2544, 1388, 1561, 384, 63, 384, 152, 69, 376, 181, 158, 67, 2635, 1358, 53, 53, 148, 319, 37, 2108, 326, 118, 78, 605, 123, 94, 1038, 638, 100, 240, 68, 233, 78, 108, 217, 173, 1209, 152, 1019, 64, 65, 1050, 358, 83, 2225, 74, 81, 1131, 158, 198, 219, 330, 1074, 157, 252, 325, 152, 169, 924, 405, 167, 1227, 854, 2730, 561, 448, 179, 228, 
 suboptimal_solution: 4, 2, 2, 2, 4, 0, 2, 4, 2, 4, 2, 2, 2, 2, 2, 2, 0, 2, 4, 0, 2, 2, 0, 4, 2, 0, 6, 0, 0, 0, 2, 2, 4, 4, 4, 2, 0, 2, 0, 0, 2, 2, 2, 0, 4, 4, 0, 0, 0, 2, 0, 2, 2, 2, 0, 4, 0, 0, 2, 4, 0, 0, 0, 2, 0, 2, 2, 2, 2, 2, 2, 0, 0, 2, 0, 0, 4, 0, 0, 4, 2, 2, 2, 2, 4, 2, 2, 2, 2, 2, 2, 2, 2, 4, 4, 4, 2, 2, 2, 2, 

A* nodes average: 24.13
A* suboptimal average: 0.32
IDA* nodes average: 735.93
IDA* suboptimal average: 1.84

