
------start:------
A*
 explored_nodes: 19, 52, 18, 23, 19, 16, 16, 16, 19, 17, 29, 33, 17, 21, 24, 16, 22, 18, 18, 16, 23, 18, 19, 26, 22, 18, 26, 20, 21, 23, 21, 24, 21, 18, 20, 29, 17, 28, 29, 18, 19, 16, 39, 20, 19, 18, 18, 16, 23, 20, 20, 16, 19, 17, 18, 24, 27, 24, 29, 17, 21, 16, 24, 31, 23, 22, 16, 17, 22, 16, 18, 22, 22, 16, 19, 20, 23, 20, 16, 31, 34, 18, 22, 27, 17, 21, 17, 20, 17, 22, 21, 20, 17, 16, 23, 24, 21, 22, 21, 28, 
 suboptimal_solution: 0, 0, 0, 2, 0, 0, 0, 0, 0, 0, 0, 6, 0, 0, 0, 0, 2, 0, 0, 0, 0, 0, 0, 0, 0, 0, 0, 0, 0, 0, 0, 0, 0, 0, 0, 2, 0, 0, 2, 0, 0, 0, 0, 0, 0, 0, 0, 0, 0, 0, 0, 0, 0, 0, 0, 0, 0, 0, 0, 0, 0, 0, 0, 6, 0, 0, 0, 0, 0, 0, 0, 0, 0, 0, 0, 0, 0, 0, 0, 4, 0, 0, 0, 0, 0, 0, 0, 0, 0, 0, 0, 0, 0, 0, 0, 2, 0, 0, 0, 0, 
IDA*
 explored_nodes: 213, 814, 109, 694, 75, 67, 114, 77, 53, 205, 221, 1168, 99, 92, 429, 53, 446, 63, 96, 59, 60, 255, 127, 427, 212, 56, 436, 124, 107, 259, 63, 529, 262, 489, 95, 559, 136, 172, 1134, 415, 383, 65, 2578, 143, 119, 80, 107, 51, 60, 217, 202, 153, 77, 52, 70, 198, 126, 216, 1081, 78, 71, 107, 162, 1392, 301, 110, 44, 87, 715, 79, 102, 612, 110, 49, 295, 88, 326, 150, 40, 853, 112, 81, 386, 398, 118, 517, 57, 48, 86, 168, 244, 1062, 58, 45, 422, 149, 141, 372, 203, 203, 
 suboptimal_solution: 4, 10, 4, 6, 4, 4, 4, 4, 6, 6, 6, 10, 4, 4, 6, 4, 6, 4, 6, 2, 6, 4, 4, 6, 4, 2, 6, 6, 4, 6, 4, 6, 4, 6, 8, 6, 4, 8, 8, 6, 6, 8, 8, 4, 4, 6, 4, 4, 4, 4, 6, 4, 4, 2, 4, 4, 6, 4, 8, 6, 4, 4, 2, 10, 6, 6, 4, 4, 6, 6, 4, 6, 4, 2, 4, 6, 6, 4, 4, 8, 6, 4, 6, 6, 4, 8, 2, 2, 2, 4, 4, 6, 2, 4, 6, 6, 6, 6, 6, 4, 

A* nodes average: 21.32
A* suboptimal average: 0.26
IDA* nodes average: 276.83
IDA* suboptimal average: 5.06


------middle:------
A*
 explored_nodes: 22, 19, 33, 25, 17, 17, 24, 19, 18, 19, 17, 20, 21, 29, 22, 34, 16, 26, 16, 18, 22, 22, 32, 18, 18, 29, 21, 17, 21, 17, 21, 19, 23, 20, 19, 27, 17, 20, 16, 21, 16, 17, 17, 19, 17, 17, 16, 23, 16, 16, 16, 17, 16, 24, 18, 20, 26, 18, 18, 17, 21, 19, 18, 16, 28, 25, 22, 22, 19, 21, 17, 21, 17, 24, 16, 25, 19, 18, 18, 24, 16, 16, 21, 22, 34, 28, 35, 17, 20, 16, 18, 21, 18, 22, 18, 18, 18, 40, 22, 21, 
 suboptimal_solution: 0, 0, 0, 2, 0, 0, 4, 0, 0, 0, 0, 0, 2, 2, 0, 4, 0, 2, 0, 0, 0, 2, 0, 0, 0, 0, 0, 0, 0, 0, 0, 0, 0, 0, 0, 2, 0, 0, 0, 0, 0, 0, 0, 0, 0, 0, 0, 0, 0, 0, 0, 0, 0, 0, 0, 0, 2, 0, 0, 0, 0, 0, 0, 0, 0, 4, 0, 0, 0, 0, 0, 0, 0, 0, 0, 0, 0, 0, 0, 0, 0, 0, 0, 0, 0, 0, 0, 0, 0, 0, 0, 0, 0, 0, 0, 0, 0, 0, 0, 0, 
IDA*
 explored_nodes: 215, 128, 857, 173, 55, 158, 408, 107, 75, 58, 49, 299, 566, 488, 754, 1695, 77, 186, 206, 246, 117, 296, 575, 59, 49, 220, 142, 96, 336, 125, 384, 62, 204, 259, 158, 406, 269, 212, 39, 512, 69, 55, 133, 73, 146, 112, 43, 359, 207, 131, 41, 152, 104, 1018, 71, 90, 1142, 172, 152, 125, 308, 211, 74, 101, 2608, 173, 103, 318, 144, 340, 38, 107, 142, 141, 64, 1060, 258, 113, 320, 165, 33, 37, 260, 225, 322, 411, 1740, 44, 551, 127, 116, 502, 132, 161, 187, 130, 78, 19738, 219, 71, 
 suboptimal_solution: 6, 8, 6, 4, 4, 4, 6, 4, 2, 4, 4, 6, 6, 8, 4, 10, 4, 8, 4, 6, 4, 6, 8, 4, 2, 6, 2, 2, 6, 4, 4, 4, 6, 6, 6, 8, 6, 6, 2, 6, 4, 4, 2, 4, 4, 2, 2, 8, 4, 0, 2, 4, 2, 8, 2, 4, 6, 6, 2, 6, 8, 4, 4, 2, 10, 8, 6, 4, 4, 6, 2, 6, 4, 4, 6, 8, 6, 2, 6, 4, 0, 0, 6, 6, 6, 8, 8, 4, 6, 4, 4, 6, 6, 4, 4, 6, 4, 10, 8, 2, 

A* nodes average: 20.67
A* suboptimal average: 0.26
IDA* nodes average: 475.87
IDA* suboptimal average: 4.88


------end:------
A*
 explored_nodes: 16, 17, 23, 18, 16, 20, 43, 16, 16, 17, 29, 23, 56, 29, 25, 16, 30, 34, 24, 28, 20, 17, 31, 32, 33, 18, 26, 23, 149, 34, 29, 23, 30, 38, 24, 17, 25, 16, 16, 17, 16, 26, 63, 42, 24, 26, 30, 23, 24, 34, 38, 31, 24, 59, 32, 28, 16, 33, 16, 16, 18, 34, 21, 23, 27, 21, 17, 35, 23, 16, 16, 16, 32, 37, 19, 26, 110, 41, 34, 27, 51, 25, 22, 16, 16, 16, 26, 16, 23, 27, 50, 25, 23, 59, 16, 16, 25, 26, 47, 33, 
 suboptimal_solution: 0, 0, 0, 0, 0, 0, 2, 0, 0, 0, 0, 0, 2, 0, 0, 0, 0, 0, 0, 0, 0, 0, 0, 0, 2, 0, 0, 0, 6, 0, 0, 0, 0, 0, 0, 0, 0, 0, 0, 0, 0, 2, 0, 2, 0, 0, 0, 0, 0, 2, 2, 0, 0, 2, 0, 0, 0, 2, 0, 0, 0, 0, 0, 0, 0, 0, 0, 0, 0, 0, 0, 0, 0, 0, 0, 0, 4, 0, 0, 0, 2, 0, 0, 0, 0, 0, 0, 0, 0, 0, 0, 0, 0, 2, 0, 0, 0, 2, 4, 0, 
IDA*
 explored_nodes: 187, 134, 263, 166, 122, 94, 852, 126, 124, 183, 397, 783, 4167, 411, 339, 130, 474, 480, 289, 457, 125, 144, 352, 426, 555, 222, 1085, 326, 3390, 2049, 2074, 320, 837, 2627, 411, 173, 379, 171, 57, 118, 190, 350, 13584, 898, 355, 792, 343, 266, 278, 834, 1784, 2231, 446, 2162, 1651, 327, 61, 1168, 103, 56, 202, 375, 234, 309, 1510, 400, 108, 2244, 287, 105, 181, 51, 313, 539, 203, 392, 18058, 924, 350, 922, 2391, 337, 279, 212, 184, 132, 1029, 134, 318, 432, 6276, 362, 319, 2493, 163, 54, 835, 1378, 9193, 332, 
 suboptimal_solution: 2, 2, 2, 0, 0, 0, 2, 2, 0, 2, 2, 4, 4, 2, 0, 2, 2, 2, 2, 4, 2, 2, 2, 2, 2, 0, 4, 2, 6, 4, 4, 2, 4, 4, 2, 2, 2, 2, 0, 2, 2, 2, 6, 4, 2, 4, 2, 2, 2, 4, 4, 4, 2, 4, 4, 2, 0, 4, 2, 0, 2, 2, 2, 2, 4, 2, 2, 4, 2, 2, 2, 0, 2, 2, 2, 4, 6, 4, 2, 4, 4, 2, 2, 2, 2, 2, 2, 2, 2, 2, 6, 2, 2, 4, 2, 0, 2, 4, 6, 2, 

A* nodes average: 28.66
A* suboptimal average: 0.38
IDA* nodes average: 1084.58
IDA* suboptimal average: 2.46

